1513047923.814076900 0.000000000000 0.007812500000 0.002881937378
1513047924.233407021 0.000000000000 0.007812500000 0.003634200586
1513047924.652762890 0.000000000000 0.007812500000 0.004242447656
1513047925.281790018 0.000000000000 0.007812500000 0.004807536537
1513047925.701168060 0.000000000000 0.007812500000 0.005131744700
1513047926.225358963 0.000000000000 0.007812500000 0.006546009581
1513047926.854409933 0.000000000000 0.015625000000 0.009854149499
1513047927.273757935 0.000000000000 0.015625000000 0.010173372566
1513047927.693103075 0.000000000000 0.019531250000 0.009373008991
1513047928.112458944 0.000000000000 0.019531250000 0.008139571417
1513047928.531816006 0.000000000000 0.019531250000 0.007122556772
1513047929.160835981 0.000000000000 0.019531250000 0.005764416061
1513047929.475347042 -0.007812500000 0.023437500000 0.004775021280
1513047930.314074039 -0.007812500000 0.015625000000 0.002916555825
1513047930.943089008 0.000000000000 0.015625000000 0.000849707399
1513047931.676975012 -0.007812500000 0.011718750000 0.000944797682
1513047931.991486073 0.000000000000 0.007812500000 0.001284092808
1513047932.410844088 -0.007812500000 0.011718750000 0.000155015932
1513047933.040074110 -0.007812500000 0.011292862026 -0.001258499062
1513047933.459264994 -0.007812500000 0.007812500000 -0.002379376446
1513047934.297945976 -0.015625000000 0.007812500000 -0.003505808087
1513047934.717339039 -0.015625000000 0.007812500000 -0.004853198464
1513047935.346359015 -0.015625000000 0.007812500000 -0.006852664411
1513047935.765701056 -0.015625000000 0.007812500000 -0.006945137624
1513047936.185056925 -0.015625000000 0.007812500000 -0.005880654498
1513047936.604394913 -0.015625000000 0.007812500000 -0.004291451498
1513047937.233424902 -0.015625000000 0.007812500000 -0.002146469763
1057760151.1743391654 -0.015625000000 0.007812500000 0.029332187027
1513047938.2684354560 0.003516141325 -0.004552621860 0.999837559994
3213741958.3353902217 0.004059049749 0.000045705693 0.017164050071
3208262026.646612632 -0.015625000000 0.007812500000 0.025214288384
1513047940.3758096384 0.006476169452 -0.016114566475 0.999848009944
3212486593.2141341303 0.003450707757 0.000360942539 0.017709233816
1059783320.1024475463 -0.015625000000 0.007812500000 0.040720969439
1513047941.3221225472 -0.001270861831 -0.013261341490 0.999844237310
3213299994.1968151705 0.003632030957 -0.000157626700 0.017541635605
1058641508.4262812988 -0.007812500000 0.015625000000 0.062101185322
1513047943.1073741824 -0.008617285639 -0.012350026518 0.999848184203
3210817272.3633738387 0.003382286980 0.000073022053 0.017308242685
3208706561.2875146994 -0.015625000000 0.015625000000 0.038457822055
1513047944.3758096384 -0.011567859910 -0.008498816751 0.999846773484
1513047944.886667013 -0.015625000000 0.015625000000 0.008721961428
1513047945.410846949 -0.015625000000 0.015625000000 0.008702339574
1513047945.830219984 -0.015625000000 0.015625000000 0.008916628018
1513047946.144726038 -0.015625000000 0.015625000000 0.008436871189
1513047946.773822069 -0.023437500000 0.015625000000 0.007025797386
1513047947.402800083 -0.023437500000 0.015625000000 0.005256719437
1513047948.136674881 -0.023437500000 0.015625000000 0.003429196073
1513047948.556055069 -0.023437500000 0.015625000000 0.002893980574
1513047949.080224037 -0.023437500000 0.015625000000 0.002895238059
1513047949.709239006 -0.023437500000 0.015625000000 0.003637431476
1513047950.652785063 -0.023437500000 0.019531250000 0.006309640169
1513047951.281826973 -0.023437500000 0.019531250000 0.006616854207
1513047951.910866976 -0.023437500000 0.019531250000 0.005889165049
1513047952.435069084 -0.023437500000 0.019531250000 0.004887809005
1513047952.959254980 -0.023437500000 0.019531250000 0.004522825757
1513047953.273772001 -0.023437500000 0.015625000000 0.005653592162
1513047954.322164059 -0.023437500000 0.015625000000 0.007363291412
1513047954.636693954 -0.023437500000 0.015625000000 0.007951868923
1513047955.265717030 -0.023437500000 0.015625000000 0.007942683127
1513047955.894740105 -0.015625000000 0.015625000000 0.006210428955
1513047956.523777008 -0.015625000000 0.011718750000 0.003703305824
1513047956.838449001 -0.015625000000 0.007812500000 0.001949197071
1513047957.257669926 -0.015625000000 0.007812500000 -0.000916896863
1513047957.677004099 -0.015625000000 0.007812500000 -0.003857234477
1513047958.725389004 -0.015625000000 0.007812500000 -0.007444016812
1513047959.144747019 -0.015625000000 0.007812500000 -0.006888661990
1513047959.564135075 -0.015625000000 0.007812500000 -0.005912994320
1513047959.983480930 -0.023437500000 0.003906250000 -0.004464415961
1513047960.612518072 -0.023437500000 0.007812500000 -0.001168597924
1513047961.031857014 -0.023437500000 0.007812500000 -0.000082857950
1513047961.451189041 -0.023437500000 0.007812500000 0.001880537351
1513047962.185069084 -0.023437500000 0.007812500000 0.003577021840
1513047962.709415913 -0.023437500000 0.007812500000 0.003080557070
1513047963.233458042 -0.023437500000 0.007812500000 0.002943951981
1513047963.652826071 -0.023437500000 0.007812500000 0.003140067059
1513047964.281852961 -0.023437500000 0.007812500000 0.002267434388
1513047964.806049109 -0.015625000000 0.007812500000 0.001657555925
1513047965.435081005 -0.015625000000 0.011718750000 0.002449989319
1513047965.854463100 -0.015625000000 0.007812500000 0.002989269271
1513047966.378627062 -0.015625000000 0.015625000000 0.002989289674
1513047966.902839899 -0.007812500000 0.015625000000 0.001847200277
1513047967.322180033 -0.007812500000 0.015625000000 0.001750575530
1513047968.160888910 -0.007812500000 0.011718750000 0.001102028305
1513047968.580219030 -0.007812500000 0.011718750000 0.000790968296
1513047969.104439974 -0.007812500000 0.015625000000 -0.000014638445
1513047969.628638983 -0.007812500000 0.015625000000 0.000041916210
1513047970.152847052 -0.007812500000 0.015625000000 0.000670256916
1513047970.677051067 -0.007812500000 0.015625000000 0.000990034219
1513047971.306061029 0.046875000000 0.011718750000 0.003569318472
1513047971.725409031 0.125000000000 0.015625000000 0.006138760206
1513047972.249603987 0.282440846310 0.015625000000 0.007877530376
1513047972.669013023 0.531250000000 0.015625000000 0.009110288863
1513047973.298007965 1.124856627584 0.015660843104 0.016810250753
1513047974.660883904 3.012297841170 0.032371335293 0.040998181211
1513047975.394819021 4.291949209831 0.046875000000 0.048067358425
1513047976.233484983 5.856566273108 0.075988954482 0.054898276384
1513047977.386703968 8.114353423138 0.109375000000 0.087485004499
1513047978.644784927 10.641140474472 0.187500000000 0.138829917873
1513047979.588407040 12.633819819820 0.218750000000 0.172537888123
1513047980.322216034 14.259958540001 0.253906250000 0.191375177269
1513047981.999614000 18.324561298794 0.320312500000 0.232312932629
1513047983.257702112 21.655865492170 0.406250000000 0.269871321301
1513047984.620596886 25.586960830362 0.507812500000 0.288392042145
1513047985.983500004 29.692999331559 0.679687500000 0.333499152281
1513047987.451270103 34.183058640914 0.884210455114 0.384624190418
1513047988.604466915 37.911524039278 1.070312500000 0.432571098046
1513047989.128685951 39.612630146571 1.148844393321 0.457073727003
1513047990.386725903 43.606388411979 1.363281250000 0.509796831745
1513047991.015788078 45.634798037202 1.468750000000 0.534366729295
1513047992.168976068 49.347679799288 1.703125000000 0.593652705455
1513047993.531888962 53.872921552463 1.970962930942 0.640120188335
1513047994.685120106 57.937720612622 2.156250000000 0.705923823376
1513047996.048057079 62.923843344638 2.390625000000 0.759534445437
1513047997.306093931 67.495561741374 2.569757717672 0.837601112337
1513047998.669006109 72.451458016943 2.722656250000 0.882069400919
1513048000.031893015 77.513908697544 2.921875000000 0.921318486866
1513048001.289959908 82.252056195974 3.148437500000 0.983841070821
1513048001.814165115 84.224034322375 3.257812500000 1.023139395924
1513048003.386760950 89.849252407106 3.562268990711 1.218100385695
1513048003.910926104 91.636309551998 3.664062500000 1.285629237053
1513048005.273834944 96.315368176365 3.943717897046 1.304631658850
1513048006.741579056 101.482270816061 4.257812500000 1.298066819546
1513048007.580286026 104.415463480462 4.440254564942 1.302010875223
1513048008.733510971 108.269339214694 4.671875000000 1.296105548639
1513048009.572238922 110.875019422930 4.816411105732 1.279567609442
1513048010.515791893 113.598247522744 4.976562500000 1.265366935219
1513048011.459321022 116.193785140441 5.203910642555 1.242732341720
1513048012.612560987 119.251418760139 5.716974220017 1.257529066064
1513048013.660943031 121.891858795258 6.543585647629 1.167179295349
1513048014.814177036 124.680313563754 8.049896542503 1.032943035698
1513048015.967422962 127.383357540692 10.352380061039 0.932264572569
1513048016.596442938 128.709525140672 11.974679354230 0.893952052899
1513048017.330306053 130.090907983654 14.142753467309 0.852084052550
1513048018.169053078 131.403307731348 16.967431141797 0.793407760265
1513048019.741604090 132.902043931463 22.961241623048 0.723488560761
1513048020.370624065 133.117187500000 25.540554743772 0.691975347486
1513048021.104537010 133.156250000000 28.662398891819 0.656774346342
1513048021.838388920 133.109375000000 31.884866887041 0.637961317689
1513048023.410957098 132.984375000000 39.012947671075 0.572892214671
1513048024.773868084 132.892954673923 45.148507880383 0.511945463337
1513048025.507746935 132.828875313597 48.324064067984 0.479032863703
1513048027.080322981 132.700619376641 54.895340616794 0.406854757199
1513048028.023880005 132.546875000000 58.850955791364 0.372377023766
1513048029.386790037 132.249964805203 64.547086168780 0.336244909644
1513048031.064208031 131.914062500000 71.435263712987 0.271618087709
1513048032.531951904 131.679687500000 77.516922200598 0.205275300277
1513048033.161009073 131.593750000000 80.217970564815 0.178994738571
1513048034.943229914 131.401077203876 88.141731628684 0.075128039939
1513048036.201334000 131.257812500000 93.971780325620 0.009634855139
1513048037.459368944 131.054687500000 99.958411012146 -0.034883310532
1513048039.031977892 130.816052038639 107.365406518163 -0.095212678181
1513048039.660972118 130.734375000000 110.333340436796 -0.110261648215
1513048041.233572960 130.546875000000 117.877271924256 -0.148221095247
1513048042.806325912 130.367338492139 125.581200793237 -0.179672813248
1513048043.540071011 130.278444035355 129.157460787871 -0.190757584876
1513048044.902926922 130.088632506800 135.736388705800 -0.217564749249
1513048045.846472979 129.953016254172 140.305394347880 -0.219735882650
1513048046.580348015 129.820312500000 143.888733678611 -0.228364463078
1513048047.628787994 129.562500000000 149.050790395963 -0.238474348581
1513048048.572274923 129.257812500000 153.738554351719 -0.233614661609
1513048049.515847921 128.922217567327 158.466694596037 -0.223222449146
1513048050.564254999 128.556284992155 163.801317554918 -0.233128792804
1513048051.298099995 128.295483101601 167.591078589593 -0.227484532810
1513048053.604547977 127.546875000000 179.737764807674 -0.228075420886
1513048054.233583927 127.385165657354 182.992516977197 -0.215434223796
1513048055.072276115 127.198398078196 187.210412491724 -0.204676820151
1513048055.911005974 127.039062500000 191.266912834456 -0.184250134134
1513048056.959405899 126.875000000000 196.108963262379 -0.158824337272
1513048057.798101902 126.765625000000 199.902907348505 -0.141347914425
1513048058.741640091 126.675334690500 204.166741856999 -0.108685689917
1513048059.580374002 126.585937500000 207.916735707510 -0.067566080744
1513048060.628748894 126.500000000000 212.504815894228 -0.017408436728
1513048061.467473030 126.422845759020 216.150621655064 0.030343976141
1513048062.515856981 126.296875000000 220.671387274036 0.096958314134
1513048064.298146009 125.953125000000 228.458450393818 0.222621233560
1513048065.765858889 125.492187500000 234.937347323324 0.321596226092
1513048067.233596087 125.033055526675 241.161944603285 0.424697522201
1513048067.862636089 124.815026224509 243.752993877453 0.458462684960
1513048069.225538015 124.328315407498 249.217797962509 0.533014822976
1513048070.798130989 123.867187500000 255.149661436583 0.628752416882
1513048071.531981945 123.703125000000 257.808386182270 0.675517584662
1513048072.999795914 123.476562500000 263.258070460777 0.703360634938
1513048074.467482090 123.406250000000 269.086194814824 0.746789009987
1513048075.306193113 123.406250000000 272.595820412299 0.783294400656
1513048076.773931980 123.414062500000 278.864319376466 0.819170431753
1513048078.032011986 123.362170646757 284.343998942835 0.838342779041
1513048078.661017895 123.312500000000 287.177648718337 0.842169286718
1513048079.604597092 123.187500000000 291.585613542817 0.845251656916
1513048080.443303108 123.048629526887 295.633126825236 0.852635214084
1513048081.386836052 122.898437500000 300.256424952098 0.814212283002
1513048083.274625063 122.687500000000 309.548834696663 0.727005039110
1513048083.902961969 122.593750000000 312.606354033527 0.711989146006
1513048084.951363087 122.417566305747 317.666477165516 0.673428253108
1513048086.838481903 122.054687500000 326.900629693694 0.552528176485
1513048087.782012939 121.867187500000 331.570040194923 0.486705736789
1513048088.620748043 121.675527533612 335.700994764714 0.456016118599
1513048089.564276934 121.429687500000 340.334242574986 0.370396144562
1513048090.612658978 121.156250000000 345.499542129767 0.257709027001
1513048092.604598999 120.625000000000 355.281693144039 0.054808932301
1513048093.548142910 120.380641286941 359.893019134881 -0.029581663476
1513048094.596554995 120.132812500000 365.013763161656 -0.166447420937
1513048095.225596905 119.992187500000 368.087389095398 -0.244412664170
1513048097.007838964 119.689552341433 376.629501548599 -0.464983419905
1513048097.532022953 119.671875000000 379.055750027013 -0.536172404892
1513048098.370748997 119.785606726720 382.758336996961 -0.644566770330
1513048099.838498116 120.916644887642 388.484276994391 -0.803522394852
1513048100.572370052 122.167618697934 390.899865546901 -0.867290635650
1513048101.306229115 123.877462169150 392.868828946100 -0.903339607830
1513048102.145143032 126.336405161985 394.461112873244 -0.918812058524
1513048103.507839918 130.993250079763 395.925203154911 -0.909705669572
1513048105.080414057 137.063054767833 396.894669941958 -0.859394656962
1513048105.814300060 140.129948303931 397.198645910786 -0.832206736596
1513048106.548167944 143.342190133304 397.385546655558 -0.808717899859
1513048108.015913010 149.997389122044 397.530878455568 -0.770364837429
1513048109.378829956 156.252728612031 397.492187500000 -0.732851093336
1513048110.951420069 163.593072355695 397.554687500000 -0.679435035536
1513048111.895080090 168.008848332033 397.765625000000 -0.626599059819
1513048112.733645916 171.916288231699 398.007812500000 -0.591522460558
1513048113.572376013 175.863430919519 398.213868832754 -0.551924702682
1513048114.515923977 180.364733136321 398.468750000000 -0.518817231979
1513048116.193347931 188.414554728674 398.905727123477 -0.459744611015
1513048116.822372913 191.453557855852 399.000000000000 -0.439543055403
1513048118.499808073 199.645446838481 399.134700225823 -0.369540844560
1513048119.233699083 203.261251433589 399.210937500000 -0.348944196700
1513048120.911070108 211.585085490864 399.490814415905 -0.279877591257
1513048122.378878117 218.895114318198 399.822542556817 -0.202922358093
1513048122.903028011 221.499335630509 399.972050759322 -0.178527730543
1513048123.846575975 226.196889085305 400.317188673775 -0.148365487787
1513048124.685314894 230.394209152115 400.703722358686 -0.121080388531
1513048125.628863096 235.098530906659 401.044669242222 -0.086558831812
1513048126.257869959 238.203296220849 401.164062500000 -0.063326553558
1513048127.201421022 242.852888086643 401.189883235560 -0.026907767630
1513048128.145087004 247.479874318622 401.109375000000 -0.014873326932
1513048128.983680964 251.496908809892 401.015625000000 -0.012082874056
1513048130.870810986 260.404867905197 400.945312500000 0.063661712673
1513048131.499809980 263.353740706320 401.006040892193 0.087704371342
1513048132.862740040 269.579639793480 401.234375000000 0.150571307164
1513048133.806267977 273.726245944832 401.362531655517 0.184729341431
1513048134.540127993 276.905464763187 401.445312500000 0.211701058759
1513048135.378854990 280.505471924228 401.533008077019 0.243422750040
1513048136.322406054 284.506877105390 401.659427258783 0.258365684708
1513048137.161101103 288.016576135819 401.815183427985 0.288975442956
1513048137.895178080 291.090618346345 401.992187500000 0.335996649467
1513048138.733788967 294.662557325718 402.175630732572 0.339286254929
1513048139.677257061 298.744018344342 402.399642918043 0.340544524787
1513048140.620786905 302.791444879692 402.632812500000 0.334606929556
1513048141.354661942 305.924295716664 402.851965952777 0.326499938965
1513048142.298209906 310.022176141167 403.148437500000 0.338035156237
1513048143.136929035 313.716372598389 403.465947716532 0.366825852041
1513048144.185318947 318.294492391548 403.946248151873 0.419108712543
1513048145.548206091 324.148649070926 404.694573564185 0.446078840926
1513048146.596649885 328.486798029265 405.244234605853 0.463110121850
1513048147.330466986 331.415770262217 405.623608276222 0.502589027396
1513048148.064352036 334.297910979503 405.992446494876 0.506687101826
1513048148.903054953 337.551940076035 406.429687500000 0.484697784125
1513048149.636919975 340.404405794399 406.762867149533 0.481835983351
1513048151.314374924 346.759186912580 406.917693867484 0.480710559472
1513048152.153049946 349.817936836885 406.637992270389 0.485697762163
1513048152.886939049 352.423737995109 406.364768626223 0.488081513871
1513048154.145175934 356.113568352082 406.109375000000 0.462146728201
1513048154.984018087 357.718930707801 406.070312500000 0.441133675618
1513048156.032135010 358.989608827623 405.957031250000 0.439622769647
1513048156.870820999 359.653791566916 405.875000000000 0.432574825160
1513048157.709532976 360.163847082169 405.849492924788 0.427302997168
1513048158.653075933 360.500000000000 405.859375000000 0.422339409192
1513048160.330486059 360.747478002726 405.876260998637 0.421378728260
1513048161.169219017 361.160551680349 405.867187500000 0.404865604128
1513048162.112742901 362.171762859644 405.869541652147 0.384602569856
1513048162.951478004 363.613791965700 405.891473883575 0.349197603241
1513048163.790172100 365.499594048639 405.984375000000 0.345095250496
1513048164.733967066 368.087175805306 406.171875000000 0.339261773524
1513048165.782125950 371.400579104698 406.499432910470 0.359179605236
1513048166.725661039 374.725408151801 406.840676018975 0.405136659503
1513048167.564366102 377.908639840845 407.121093750000 0.404306445081
1513048168.612761021 381.926660650061 407.448916065006 0.387840664529
1513048169.346626043 384.697021067895 407.648437500000 0.398885067719
1513048170.290185928 388.260156957433 407.890593780359 0.422630081003
1513048171.128915071 391.400707733941 408.080267311162 0.444048323708
1513048171.967602015 394.474083995065 408.302424561883 0.449050364316
1513048172.911195993 397.930869851518 408.474827031862 0.422458424797
1513048173.959538937 401.788841201402 408.646115879860 0.410641346551
1513048174.798255920 404.929365274942 408.873182617942 0.409467036707
1513048175.951478004 409.275302786168 409.178944098271 0.408376852358
1513048176.790211916 412.378479990885 409.440191749088 0.388665577548
1513048177.733747005 415.892466364289 409.781434136429 0.360225240427
1513048178.886962891 420.311151778622 410.220177677862 0.368015716075
1513048179.725693941 423.462712822440 410.462855064488 0.407905038364
1513048180.774056911 427.363240771692 410.663740352359 0.410165926736
1513048181.717628956 430.800618767100 410.796875000000 0.438952297633
1513048182.765990973 434.565762111585 410.970964922317 0.432347957046
1513048183.814393997 438.387069812846 411.335937500000 0.418543864862
1513048184.967612982 442.654538889303 411.709022833872 0.356932816695
1513048186.120855093 447.102466009163 411.991323876145 0.360176066951
1513048186.959547043 450.392513325844 412.192565165169 0.325968728784
1513048187.903110027 453.953399898362 412.539062500000 0.348369447382
1513048188.846688032 457.558240539183 412.757812500000 0.370340219537
1513048189.895050049 461.667025172531 412.757812500000 0.394013880999
1513048190.838589907 465.364986379892 412.757812500000 0.415320493424
1513048191.886987925 469.473912110683 412.757812500000 0.438994967850
