1513047923.814076900 0.000000000000 0.007812500000 0.002803736084
1513047924.023734093 0.000000000000 0.007812500000 0.003320191190
1513047924.233407021 0.000000000000 0.007812500000 0.003555999292
1513047924.443089008 0.000000000000 0.007812500000 0.004034247634
1513047924.967284918 0.000000000000 0.011718750000 0.004569893260
1513047925.176965952 0.000000000000 0.011718750000 0.004574183682
1513047925.596311092 0.000000000000 0.011718750000 0.004738747126
1513047926.015666962 0.000000000000 0.015625000000 0.005512026139
1513047926.330193043 0.000000000000 0.015625000000 0.006927842725
1513047926.539892912 0.000000000000 0.019531250000 0.007718492275
1513047926.854409933 0.000000000000 0.019531250000 0.009775948205
1513047927.168971062 0.000000000000 0.023396457356 0.010321224582
1513047927.483436108 0.000000000000 0.023437500000 0.010090665526
1513047927.797920942 0.000000000000 0.023437500000 0.008799445991
1513047928.112458944 0.000000000000 0.023437500000 0.008061370123
1513047928.636640072 0.000000000000 0.023437500000 0.006780695837
1513047928.846318007 0.000000000000 0.023437500000 0.006574747648
1513047929.160835981 0.000000000000 0.023437500000 0.005686214767
1513047929.475347042 0.000000000000 0.023437500000 0.004696819986
1513047930.104429007 -0.007812500000 0.023437500000 0.003560332485
1513047930.314074039 -0.007812500000 0.023437500000 0.002838354531
1513047930.628716946 0.000000000000 0.023437500000 0.001727287043
1513047930.943089008 0.000000000000 0.023437500000 0.000771506105
1513047931.257632971 0.000000000000 0.015625000000 0.000528050245
1513047931.572124958 0.000000000000 0.015625000000 0.000701106158
1513047931.886648893 0.000000000000 0.015625000000 0.001212801526
1513047932.201186895 0.000000000000 0.015625000000 0.000532759780
1513047932.620505095 0.000000000000 0.015625000000 -0.000354109293
1513047933.040074110 -0.000851775948 0.014773224052 -0.001336700356
1513047933.249577045 -0.007812500000 0.007812500000 -0.002106788065
1513047933.459264994 -0.007812500000 0.007812500000 -0.002457577740
1513047933.773753881 -0.007812500000 0.007812500000 -0.002753557866
1513047933.983433008 -0.007812500000 0.007812500000 -0.003061889539
1513047934.402765989 -0.007812500000 0.007812500000 -0.003952863149
1513047934.822140932 -0.007812500000 0.007812500000 -0.005397630064
1513047935.031812906 -0.015625000000 0.007812500000 -0.006089305282
1513047935.452037096 -0.015625000000 0.007812500000 -0.007283091670
1513047935.765701056 -0.015625000000 0.007812500000 -0.007023338918
1513047936.080281973 -0.015625000000 0.007812500000 -0.006366448270
1513047936.394726038 -0.015625000000 0.007812500000 -0.005049397690
1513047936.709258080 -0.015625000000 0.007812500000 -0.003958310340
1513047937.128588915 -0.015625000000 0.007812500000 -0.002487693975
1513047937.338288069 -0.015625000000 0.007812500000 -0.001837197172
1513047937.757623911 -0.015625000000 0.007812500000 -0.000577637455
1513047938.072139978 -0.015625000000 0.007812500000 0.000081775487
1513047938.491477966 -0.015625000000 0.007812500000 0.001210854483
1513047938.806065083 -0.015625000000 0.007812500000 0.001711477975
1513047939.120516062 -0.015625000000 0.015625000000 0.001914468766
1513047939.644725084 -0.015625000000 0.011718750000 0.002276586389
1513047939.959242105 -0.015625000000 0.011718750000 0.002223899900
1513047940.168916941 -0.015625000000 0.011718750000 0.002405544797
1513047940.483428001 -0.015625000000 0.011718750000 0.002901563951
1513047940.797930956 -0.015625000000 0.011718750000 0.003950192331
1513047941.217344046 -0.015625000000 0.011718750000 0.005289185644
1513047941.531831980 -0.007812500000 0.007812500000 0.006069635608
1513047941.951173067 -0.007812500000 0.007812500000 0.006290980800
1513047942.370537043 -0.007812500000 0.015625000000 0.006904212193
1513047942.685065031 -0.007812500000 0.015625000000 0.007038287930
1513047943.314075947 -0.015625000000 0.015625000000 0.006791290086
1513047943.838279009 -0.015625000000 0.015625000000 0.006945842209
1513047944.152872086 -0.015625000000 0.015625000000 0.007403139944
1513047944.677021980 -0.007812500000 0.019531250000 0.008363388757
1513047944.886667013 -0.014041819143 0.022645909572 0.008643760135
1513047945.201169014 -0.009799678726 0.020524839363 0.008623256191
1513047945.620543957 -0.015625000000 0.023437500000 0.008503147026
1513047946.249814034 -0.015625000000 0.023437500000 0.008038242267
1513047946.564089060 -0.015625000000 0.023437500000 0.007403166025
1513047946.878772020 -0.015625000000 0.023437500000 0.006650757611
1513047947.193111897 -0.015625000000 0.023437500000 0.005765389179
1513047947.612473965 -0.015625000000 0.023437500000 0.004685364710
1513047948.136674881 -0.023437500000 0.023437500000 0.003393087002
1513047948.346342087 -0.023437500000 0.023437500000 0.003188706923
1513047948.660866022 -0.023437500000 0.019531250000 0.002929987782
1513047948.975402117 -0.023437500000 0.019531250000 0.002779006958
1513047949.394774914 -0.023437500000 0.019531250000 0.002941097074
1513047949.709239006 -0.023437500000 0.019531250000 0.003559230182
1513047950.023772955 -0.023437500000 0.019531250000 0.004207654430
1513047950.233443975 0.006552869451 0.019531250000 0.005725938182
1513047950.547955990 -0.031250000000 0.019531250000 0.006084048465
1513047950.862481117 -0.031250000000 0.019531250000 0.006507080872
1513047951.386676073 -0.031250000000 0.019531250000 0.006466129315
1513047951.596340895 -0.031250000000 0.019531250000 0.006359795707
1513047951.910866976 -0.031250000000 0.019531250000 0.005810963755
1513047952.225402117 -0.031250000000 0.019531250000 0.005304731582
1513047952.540033102 -0.031250000000 0.019531250000 0.004657221153
1513047953.064657927 -0.031250000000 0.019531250000 0.004675335684
1513047953.273772001 -0.023437500000 0.019531250000 0.005575390868
1513047953.588433027 -0.023437500000 0.019531250000 0.006552936312
1513047954.322164059 -0.023437500000 0.019531250000 0.007285090118
1513047954.531841993 -0.015625000000 0.015625000000 0.007607215267
1513047955.160859108 -0.015625000000 0.015625000000 0.008043119988
1513047955.475384951 -0.015625000000 0.015625000000 0.007384791823
1513047955.685064077 -0.015625000000 0.015625000000 0.006647393268
1513047956.104434967 -0.015625000000 0.015625000000 0.005259000275
1513047956.314099073 -0.015625000000 0.015625000000 0.004483941978
1513047956.838449001 -0.015625000000 0.011718750000 0.001870995777
1513047957.152815104 -0.015625000000 0.011718750000 -0.000173442558
1513047957.467333078 -0.015625000000 0.011718750000 -0.002483674720
1513047957.781850100 -0.015625000000 0.007812500000 -0.004711768963
1513047957.991522074 -0.015625000000 0.007812500000 -0.005945107212
1513047958.306034088 -0.015625000000 0.007812500000 -0.007090897959
1513047958.620556116 -0.015625000000 0.007812500000 -0.007592864870
1513047959.039899111 -0.015625000000 0.007812500000 -0.007288082154
1513047959.354435921 -0.015625000000 0.007812500000 -0.006628203338
1513047959.668953896 -0.015625000000 0.007812500000 -0.005658667350
1513047959.878650904 -0.015625000000 0.007812500000 -0.004857653891
1513047960.193137884 -0.015625000000 0.007812500000 -0.003249934388
1513047960.402815104 -0.015625000000 0.007812500000 -0.002007149321
1513047960.822179079 -0.023437500000 0.007812500000 -0.000777532534
1513047961.136684895 -0.023437500000 0.007812500000 0.000352173859
1513047961.660873890 -0.023437500000 0.007812500000 0.002537346424
1513047961.975440025 -0.023437500000 0.007812500000 0.003524980832
1513047962.289926052 -0.023437500000 0.007812500000 0.003363560097
1513047962.709415913 -0.023437500000 0.007812500000 0.003002355776
1513047962.918942928 -0.023437500000 0.007812500000 0.002752745657
1513047963.338310003 -0.023437500000 0.007812500000 0.002898268512
1513047963.652826071 -0.023437500000 0.007812500000 0.003061865766
1513047963.967389107 -0.023437500000 0.007812500000 0.002903812036
1513047964.281852961 -0.023437500000 0.007812500000 0.002189233094
1513047964.596378088 -0.023437500000 0.007812500000 0.001894682302
1513047965.120557070 -0.015625000000 0.007812500000 0.001893145878
1513047965.435081005 -0.015625000000 0.015625000000 0.002279320716
1513047965.854463100 -0.015625000000 0.011718750000 0.002911067977
1513047966.273791075 -0.015625000000 0.015625000000 0.002899349628
1513047966.588326931 -0.007812500000 0.015625000000 0.002500014205
1513047966.902839899 -0.007812500000 0.015625000000 0.001820408778
1513047967.217334986 -0.007812500000 0.015625000000 0.001716932093
1513047967.951261044 -0.007812500000 0.015625000000 0.001042420728
1513047968.370572090 0.000000000000 0.015625000000 0.000791530741
1513047968.685112000 -0.005515854479 0.015625000000 0.000541569627
1513047969.104439974 -0.007812500000 0.015625000000 -0.000092839739
1513047969.418962955 -0.007812500000 0.015625000000 -0.000274944603
1513047969.733532906 -0.007812500000 0.015625000000 -0.000069061544
1513047970.048007011 -0.007812500000 0.015625000000 0.000300254619
1513047970.362504005 -0.007812500000 0.015625000000 0.000566446846
1513047970.572181940 -0.007812500000 0.015625000000 0.000947722994
1513047971.096374035 0.015625000000 0.015625000000 0.002124432516
1513047971.306061029 0.046875000000 0.015625000000 0.003491117178
1513047971.620575905 0.095674294714 0.015625000000 0.005446740140
1513047971.935097933 0.171875000000 0.015625000000 0.007404281608
1513047972.354445934 0.333115597398 0.015625000000 0.008191265005
1513047972.773806095 0.606054791074 0.021777395537 0.010028697552
1513047973.193165064 1.011354889815 0.019531250000 0.015528070304
1513047973.507700920 1.366937306109 0.023437500000 0.019646831777
1513047974.031894922 2.052820100333 0.031250000000 0.027033921819
1513047974.975433111 3.548612321045 0.041087559652 0.046244307816
1513047976.128705025 5.657883774956 0.070584795826 0.053131180727
1513047976.757853985 6.874912990255 0.093750000000 0.067483408911
1513047977.806092978 8.940698770418 0.132812500000 0.105996377911
1513047978.644784927 10.641140474472 0.187500000000 0.138751716580
1513047979.378648996 12.181477110794 0.218750000000 0.166895825058
1513047979.902838945 13.324183105106 0.236334065816 0.179189623991
1513047980.741544008 15.235039784845 0.273437500000 0.203399412879
1513047981.685106039 17.524891109413 0.306807130196 0.226259528364
1513047982.628801107 19.956117617017 0.363655327127 0.254354322164
1513047983.782083035 23.127189316211 0.443073219369 0.273686109581
1513047984.306082010 24.650701765395 0.475868970674 0.279892181935
1513047985.354499102 27.810042420544 0.608091240068 0.303158197872
1513047985.983500004 29.692999331559 0.679687500000 0.333420950987
1513047987.241574049 33.527654454614 0.855468750000 0.377951554266
1513047987.765763044 35.181438593754 0.937500000000 0.404437361298
1513047988.499658108 37.568664367212 1.054687500000 0.428215057997
1513047989.862523079 41.952575784915 1.283271776886 0.486707807972
1513047991.539952993 47.319718712252 1.578125000000 0.556706239537
1513047992.483500957 50.370156156939 1.771855457117 0.599315108253
1513047993.007719994 52.094065512734 1.882812500000 0.615642219363
1513047994.056088924 55.690550223241 2.062500000000 0.669794111525
1513047995.104470968 59.443423875162 2.230468750000 0.721961639984
1513047996.152847052 63.304019800080 2.410156250000 0.767151075123
1513047997.306093931 67.478047839895 2.604814451452 0.836903537721
1513047998.249636889 70.913001170093 2.679687500000 0.868163383949
1513047999.402853012 75.165368612230 2.818522639029 0.902011794570
1513048000.975446939 81.070574978641 3.092994997864 0.961473143088
1513048002.128674984 85.394442880117 3.316406250000 1.047337605544
1513048003.177057981 89.124132920324 3.515625000000 1.184335084956
1513048003.910926104 91.631324439998 3.664062500000 1.285551035759
1513048005.064173937 95.589058430026 3.904999593003 1.305818517993
1513048005.588530064 97.418631850580 4.015625000000 1.299219572376
1513048006.531893015 100.740871749761 4.216632406220 1.295288196729
1513048007.160940886 102.949016183233 4.351562500000 1.296946857724
1513048008.104490042 106.202462511210 4.554687500000 1.300814610347
1513048008.838444948 108.605214411169 4.695312500000 1.293195358371
1513048009.362552881 110.238941583590 4.785376361197 1.284650090406
1513048010.096463919 112.411667732336 4.909856904042 1.269268644256
1513048011.144805908 115.332144660752 5.117187500000 1.250927561311
1513048011.878722906 117.325219439148 5.359988367393 1.234908426367
1513048012.822242975 119.785265402436 5.851562500000 1.215782276823
1513048013.765798092 122.152124050588 6.654187025294 1.154545283838
1513048014.604542017 124.181362972376 7.730283648251 1.055017638939
1513048015.757721901 126.907952376564 9.872512397136 0.945634442630
1513048017.015841961 129.521540346066 13.180273730615 0.866893666216
1513048018.273857117 131.536613468010 17.347129840052 0.788325376548
1513048019.322249889 132.636812794040 21.303157573180 0.758390520765
1513048020.685156107 133.156250000000 26.862005909707 0.671393235740
1513048021.314196110 133.156250000000 29.577456065587 0.649842926700
1513048023.096640110 133.015625000000 37.572932835843 0.590881319706
1513048025.402894974 132.843750000000 47.877544105409 0.483838322589
1513048027.290010929 132.671875000000 55.772765597082 0.397464197374
1513048028.862586021 132.362658454817 62.368659748509 0.341286614848
1513048030.854511023 131.953125000000 70.585187831692 0.299918484640
1513048032.427118063 131.687699899897 77.071511899385 0.208409254204
1513048033.370645046 131.570312500000 81.134328481943 0.167469079419
1513048035.152903080 131.375000000000 89.105129679945 0.065997083842
1513048036.306143045 131.242364516465 94.470620560657 0.002898466207
1513048037.354533911 131.070312500000 99.463660015204 -0.029861313369
1513048038.088433981 130.951695376192 102.946077742846 -0.062794684019
1513048039.451289892 130.761893517524 109.344741903619 -0.105272425648
1513048041.233572960 130.546875000000 117.880065417944 -0.148299296541
1513048043.120676041 130.332620253468 127.123124602455 -0.183893760484
1513048044.169066906 130.187500000000 132.202902590023 -0.202553604119
1513048045.741652012 129.968750000000 139.798251776294 -0.219701264749
1513048047.104552031 129.703125000000 146.467188095649 -0.236244759036
1513048048.781949997 129.183139659653 154.788334882427 -0.230819771547
1513048050.669056892 128.518434157754 164.342387199198 -0.230826869903
1513048052.661011934 127.828125000000 174.752912956743 -0.234884229408
1513048054.757795095 127.265625000000 185.653021181688 -0.208384897023
1513048056.016118050 127.015631343284 191.765663059701 -0.181538351873
1513048057.902934074 126.755362630003 200.378375650016 -0.138445005107
1513048059.265923977 126.617187500000 206.523015885999 -0.083089220333
1513048060.733609915 126.493117521573 212.961961001914 -0.013595077990
1513048063.040052891 126.213287744743 222.941722185451 0.138807765475
1513048063.773914099 126.070312500000 226.144467095408 0.190086430857
1513048066.080370903 125.390625000000 236.297528056409 0.348310408980
1513048067.757791042 124.857637372548 243.331213168513 0.452755581351
1513048069.749737024 124.156250000000 251.238690152622 0.566513360083
1513048071.846512079 123.640063620521 258.955931897395 0.682395181299
1513048072.580394030 123.519117573674 261.665900368368 0.690758591961
1513048073.943309069 123.429687500000 266.966207897527 0.732087049123
1513048075.620716095 123.414062500000 273.939591720770 0.793506339315
1513048076.983618975 123.412212771246 279.772001356228 0.823664951064
1513048079.395473957 123.218750000000 290.600983954510 0.844349886628
1513048080.548130035 123.031250000000 296.145535122078 0.850523202060
1513048082.644911051 122.750440349430 306.470234328134 0.744019640606
1513048084.636837006 122.468750000000 316.155059197348 0.684255259949
1513048085.999758005 122.226562500000 322.770292746851 0.609729781232
1513048087.362669945 121.953125000000 329.495779863188 0.511412378878
1513048088.725585938 121.656069368424 336.219833789459 0.451780771459
1513048090.822339058 121.096055126572 346.534196803855 0.238671386826
1513048092.080396891 120.765625000000 352.716863398523 0.105405494364
1513048093.862677097 120.298947028462 361.427938064998 -0.074284692410
1513048095.540097952 119.929687500000 369.623965389840 -0.280025754561
1513048096.902992964 119.703125000000 376.152344868201 -0.453902804852
1513048098.790092945 119.964763624138 384.511237994825 -0.689171740131
1513048100.362689018 121.759964658357 390.251208768083 -0.856333402314
1513048102.354794025 127.006587105472 394.761351131642 -0.927250743050
1513048103.507839918 130.993250079763 395.931906269941 -0.909783870866
1513048104.870744944 136.214229068538 396.793517344756 -0.865290807988
1513048106.338480949 142.404054425180 397.343750000000 -0.814600928668
1513048108.015913010 149.996646033181 397.531250000000 -0.770443038723
1513048109.273972034 155.758610725609 397.492187500000 -0.733774099382
1513048110.741712093 162.610239489588 397.531250000000 -0.694016009150
1513048112.419137955 170.449929358924 397.924094428423 -0.604399418638
1513048113.153004885 173.888147552606 398.112546253758 -0.568064795640
1513048114.725842953 181.372248257460 398.529507739894 -0.508343145470
1513048115.878849030 186.894193135123 398.843750000000 -0.468141524206
1513048116.612679005 190.435874944295 398.977348962975 -0.448339968305
1513048118.080440044 197.589031020314 399.101562500000 -0.379466933825
1513048119.443346024 204.297710399737 399.242187500000 -0.342522507279
1513048121.330455065 213.679830731298 399.576461123664 -0.255701148604
1513048121.854633093 216.288914474856 399.695287829143 -0.228532828273
1513048122.588524103 219.929688795874 399.884114691323 -0.193254772845
1513048123.741729975 225.674268418433 400.277343750000 -0.152026275740
1513048125.733684063 235.613515203026 401.070312500000 -0.082770695177
1513048127.096611023 242.338039472120 401.203125000000 -0.031847809798
1513048128.354677916 248.496622232078 401.086178769137 -0.017575275256
1513048129.612719059 254.483079001168 400.968750000000 0.017394084319
1513048131.080461025 261.387618999952 400.967197416663 0.069979537150
1513048132.128860950 266.263076194916 401.101562500000 0.115817457555
1513048133.806267977 273.726245944832 401.366437905517 0.184651140137
1513048134.959531069 278.707901674478 401.490321417448 0.214391463777
1513048136.322406054 284.506877105390 401.662604517565 0.258287483414
1513048137.685301065 290.208115899146 401.940990341738 0.331552756733
1513048139.258531094 296.938845154478 402.299084234552 0.362679323775
1513048140.306272984 301.452906292766 402.562500000000 0.363785291067
1513048141.459511042 306.368747650321 402.890625000000 0.328655098745
1513048142.612726927 311.408609971783 403.265625000000 0.340488421575
1513048144.290154934 318.747118546468 404.004111209294 0.420262483912
1513048144.919188976 321.477140138102 404.353563761508 0.442503737593
1513048145.757894039 325.030708220309 404.810102072031 0.442056541609
1513048147.015958071 330.171490348542 405.460937500000 0.478539261321
1513048148.693368912 336.747392844333 406.328125000000 0.496676359719
1513048149.951456070 341.617092930149 406.880835732537 0.475490669160
1513048151.419209957 347.149150478907 406.896395252637 0.480585406579
1513048152.572421074 351.322166407901 406.484375000000 0.488202627936
1513048153.830530882 355.320170733474 406.152343750000 0.474366307315
1513048155.193515062 358.023048498967 406.054882000517 0.439462155170
1513048156.451457024 359.341938741920 405.914062500000 0.435676792977
1513048157.604821920 360.110210068829 405.851562500000 0.427203647208
1513048158.233722925 360.382813423442 405.851562500000 0.422794347226
1513048159.386964083 360.593750000000 405.882812500000 0.429211304599
1513048159.596623898 360.601562500000 405.885001348616 0.429264405624
1513048160.330486059 360.750000000000 405.880167248637 0.421300526966
1513048160.749857903 360.911089894592 405.875000000000 0.412937955484
1513048161.588562012 361.523115230932 405.871093750000 0.397644387497
1513048162.217602968 362.326498942195 405.869547139451 0.381377197502
1513048163.056302071 363.818736910257 405.905210514957 0.345163980727
1513048163.580497980 364.984607360591 405.959674143432 0.341943733703
1513048164.419220924 367.173802366751 406.099850295844 0.340626896389
1513048165.048253059 369.034120362961 406.255686727160 0.343368635740
1513048166.515994072 373.954129250679 406.767388350136 0.393217899497
1513048167.145035028 376.302780947349 406.988871844735 0.412204428899
1513048168.507935047 381.525041073262 407.416877053663 0.389025067750
1513048169.241781950 384.305735061349 407.625000000000 0.400329419123
1513048170.709547997 389.836161897013 407.992187500000 0.432119175475
1513048171.233730078 391.790253472512 408.111506770877 0.450901509099
1513048172.701505899 397.157565721674 408.443881572167 0.429149186596
1513048173.645009995 400.623595572625 408.595031614525 0.413129219905
1513048175.007937908 405.717362378346 408.927560922293 0.408812681834
1513048175.741790056 408.492795649694 409.120493387474 0.411086171905
1513048177.209542036 413.930570418874 409.596182041887 0.378339067232
1513048179.201483011 421.500765779337 410.315701577934 0.378476422374
1513048179.935362101 424.250408484541 410.507812500000 0.412265468387
1513048181.193408012 428.906794022607 410.726562500000 0.421355164373
1513048182.661168098 434.181138226086 410.945312500000 0.434750563483
1513048184.653100967 441.492358308106 411.628923330811 0.369996624205
1513048186.225692987 447.517833926474 412.015625000000 0.358153597418
1513048187.798263073 453.559048095563 412.498092309556 0.347109240270
1513048189.580565929 460.318335573477 413.068354614695 0.359515939254
1513048190.314448118 463.271623826391 413.313499804398 0.360645062822
1513048191.362787962 467.561710502906 413.726562500000 0.332345307180
1513048192.096651077 470.579783531962 413.940380588660 0.348702510578
1513048193.249912024 475.339504141494 414.307387914149 0.422771669356
1513048194.927310944 482.468136397465 414.708751036133 0.227121182400
1513048196.290220022 488.234613573067 415.160543896327 0.281832294971
1513048197.653124094 494.157518713994 415.816533121399 0.314975331019
1513048198.491830111 497.893400546842 416.319892753904 0.355616247377
1513048199.435373068 502.041403261000 416.793984076100 0.248558243287
1513048201.217664003 509.499566933773 417.410084072296 0.133614377281
1513048202.685383081 515.480981826343 417.746093750000 0.049254282146
1513048204.362848043 522.453917712700 417.902409809392 -0.084143426814
1513048206.040222883 529.457434223121 418.470904611560 -0.013514971807
1513048207.403120041 535.471145052773 419.328342732070 0.661914242017
1513048209.080548048 542.974501926884 419.912416987814 0.791125096364
1513048210.653125048 549.822490965883 420.570312500000 0.715120873269
1513048211.596718073 553.922358541549 420.956346708310 0.690137254384
1513048213.064426899 560.326988566156 421.579460213231 0.654967248980
1513048214.007973909 564.432003212721 422.035542202120 0.625260153227
1513048215.266031027 569.834303678255 422.643423235651 0.582455744795
1513048216.419276953 574.698704631278 422.972656250000 0.561256172154
1513048217.887027025 580.857761660817 423.015625000000 0.628436891932
1513048219.354789972 587.089477820547 423.085937500000 0.711952165903
1513048220.612828016 592.611727998326 423.328517166388 0.688168531557
1513048221.556368113 596.815637661715 423.651564610286 0.667596333536
1513048222.604727030 601.402348212586 423.929687500000 0.664562695824
1513048223.128976107 603.651164513409 424.042968750000 0.655364810238
1513048224.282176018 608.648127254303 424.296875000000 0.601520553224
1513048224.806436062 610.972410523028 424.396138376919 0.606762554355
1513048226.483789921 618.570168636687 424.586576553057 0.540993505451
1513048227.112833977 621.479821563936 424.672146588661 0.522481466868
1513048228.161242008 626.432500044388 424.906250000000 0.500931156666
1513048229.209625006 631.279524177537 425.202171167754 0.445216201910
1513048230.991883993 639.967941501219 425.355468750000 0.430513321223
1513048232.249947071 646.285306190987 425.429687500000 0.402455772162
1513048233.717696905 653.881099758930 425.679687500000 0.415110887805
1513048235.290271997 662.195210556196 426.000000000000 0.383511806117
1513048236.548326015 668.631169783962 426.395559547327 0.384666423067
1513048237.387032986 672.820736290829 426.609375000000 0.334336160897
1513048238.854790926 680.273436578975 426.960937500000 0.229754597154
1513048240.637052059 689.188546231997 427.300955622000 0.142277206348
1513048241.790277958 694.657018761002 427.600922160091 0.129738261159
1513048243.153189898 700.850431845619 427.930801140936 0.102641067321
1513048243.887027979 704.110631847340 428.168178224557 0.098698787461
1513048245.145108938 709.591300101299 428.507812500000 0.076406433686
1513048246.298342943 714.530829369798 428.736944114150 0.049652201849
1513048247.556406021 719.920771602729 429.039062500000 -0.036793859556
1513048249.128982067 725.720288657736 429.223701890377 -0.087477168040
1513048249.967690945 728.342395386266 429.128906250000 -0.116170053932
1513048251.749952078 733.300856418797 427.975210304135 -0.292192561378
1513048253.322765112 737.034000475116 424.923489187404 -0.421350584020
1513048254.895116091 741.269052441084 421.362663794187 -0.555141571216
1513048256.362889051 746.098035236822 418.509040476986 -0.622524413013
1513048257.830641031 751.613779493330 416.820994101334 -0.547352202559
1513048260.241892099 761.549376202180 415.273020632970 -0.500160205124
1513048262.129040956 769.823021850687 414.000922546380 -0.458143380731
1513048264.225765944 778.737616616503 413.129763823477 -0.032112792549
1513048266.427421093 788.185282533836 412.739768122180 0.302712761159
1513048267.790323019 793.964043214412 412.367579732132 0.379967501918
1513048269.362890959 800.670680437870 412.068988912426 0.441819111177
1513048271.040297985 807.886332101951 411.914062500000 0.492647229277
1513048273.346775055 818.167234404385 410.604940099269 0.599104176798
1513048275.024189949 825.374111837431 409.696762610428 0.724462128968
1513048276.701601028 832.534235430043 408.827627428326 0.803351767680
1513048278.274182081 839.090202865062 408.132812500000 0.890570043353
1513048279.322577953 843.467097598825 407.835937500000 0.955537147761
1513048280.999996901 850.925291687838 407.296875000000 0.831759739533
1513048281.629020929 853.655219124864 407.109375000000 0.831700282372
1513048282.991981030 859.653598800437 407.497831820815 1.003014813145
1513048284.145169020 864.684168375385 407.265625000000 1.151127387864
1513048285.717739105 871.423262913335 406.642997847778 1.113512055536
1513048287.395144939 878.973775103262 405.898437500000 1.086517385600
1513048288.548388958 884.191901911313 405.415933014781 1.282704130083
1513048290.540358067 892.982372924267 404.718750000000 1.239164258798
1513048291.903223038 899.160591912803 404.229455882266 1.589928155330
1513048293.580709934 906.594085314773 403.132756614205 0.903286556083
1513048294.104861975 908.863534460865 402.781858839856 1.198884334727
1513048295.258083105 913.818506609570 402.055649339043 1.560768234161
1513048297.040422916 921.717914308454 400.851701781924 1.765470041114
1513048298.717787027 929.607655989202 399.393515668466 1.626736353289
1513048300.080688953 936.274497639647 398.351411051479 1.226065629108
1513048301.862937927 944.552655250533 397.549810339248 1.288689662435
1513048303.225847006 950.722145116370 396.919972988363 1.915114129688
1513048305.008093119 958.598756943120 396.251769676147 2.151175671382
1513048305.846785069 962.181587787555 395.860747471245 2.083942570943
1513048307.629074097 969.603486938418 394.929687500000 1.808790608172
1513048309.516135931 977.132411503115 393.849258849689 1.918224038307
1513048311.298403025 984.126641807986 392.821855173003 1.967580364315
1513048311.927450895 986.241440120824 392.508882484897 2.031063715075
1513048312.871104956 988.862359927681 392.026597518080 1.933926860258
1513048314.338732004 991.684222608394 391.321404963869 1.904993631026
1513048315.911417007 994.775357593271 390.334497430046 2.123032779559
1513048317.588747978 998.607310267857 387.682268415179 2.283687823159
1513048319.895206928 1001.320312500000 379.987335950116 2.298875996244
1513048321.887140989 1000.697529555794 372.509976751075 2.834698187221
1513048323.774235964 999.762263845212 365.387218553454 3.493077517122
1513048326.080871105 998.906250000000 355.960945652883 3.167882545243
1513048327.548425913 998.180767874295 349.622589371473 3.326407137351
1513048329.645216942 997.339491101141 340.269544806275 2.389508128183
1513048331.322630882 996.976562500000 332.392899006563 2.523566651200
1513048332.371014118 996.734375000000 327.419774159664 2.720848480193
1513048334.048451900 996.109375000000 319.571795141640 3.097199889017
1513048335.621025085 995.375000000000 312.118550190676 3.238364547980
1513048337.088758945 994.765625000000 304.996825902495 3.257505121412
1513048338.556504965 994.406250000000 297.672179141238 3.485534980214
1513048340.024249077 993.840131965653 290.493916793921 3.691268885022
1513048341.596832037 992.830229771512 283.660013743315 3.612014358290
1513048343.064579964 991.933601648016 277.730508240082 3.589702809795
1513048344.532330036 991.101562500000 271.685142160166 3.251772562902
1513048346.000067949 990.233827359521 265.668862977364 3.007104422027
1513048347.258131027 989.570312500000 260.706930212595 2.569179720111
1513048348.516196012 990.000000000000 255.902792949759 0.847618325168
1513048350.298449993 990.406250000000 249.248202556207 -0.215399953698
1513048351.556529045 990.896178245142 244.542546274292 -0.281767316745
1513048353.129225969 992.093689146367 238.281554268163 -0.271051929686
1513048354.072662115 993.190120977418 234.264238862908 -0.319915821833
1513048355.435550928 995.291243830281 228.394391966728 -0.303150705901
1513048356.589052916 997.276996424315 223.530026258939 -0.325909352808
1513048357.846852064 999.637093497456 218.489738944178 -0.343030510120
1513048359.104918003 1002.248038124146 213.625665626423 -0.312604160146
1513048360.048506975 1004.155183184060 209.885479539849 -0.319373311036
1513048361.725894928 1007.195755780827 202.965407031955 -0.320181783541
1513048362.879288912 1008.906504456426 197.763971033231 -0.329522344428
1513048364.556526899 1011.017738511105 189.651334213910 -0.363489166906
1513048365.500086069 1012.165883868761 185.024875209336 -0.361471451479
1513048367.177532911 1013.938628364828 177.009429750170 -0.379279665428
1513048368.645250082 1015.161247451534 170.739230218095 -0.368927384473
1513048370.008143902 1015.890065962666 166.829802112002 -0.347638921702
1513048371.685564995 1016.515625000000 163.645678742745 -0.362869967441
1513048372.419445992 1016.945312500000 162.193904793167 -0.358932813453
1513048374.096868038 1017.953125000000 158.091414865494 -0.352938456496
1513048375.669465065 1018.102208641072 153.372415435711 -0.365195998492
1513048377.242036104 1018.307288473675 147.644545618464 -0.429880312931
1513048378.500122070 1018.774601455593 142.795543449833 -0.347365009295
1513048380.596880913 1019.920436902984 136.074626791047 -0.260537463989
1513048381.959888935 1020.844716257255 132.313024349608 -0.225118868550
1513048382.798482895 1021.453037086412 129.851914154350 -0.209197804877
1513048384.371076107 1022.408274046081 124.835653815674 -0.197085459153
1513048385.629148006 1023.015625000000 120.411608497724 -0.176522444521
1513048386.887279987 1023.359375000000 115.672487280897 -0.149771802090
1513048387.411402941 1023.382812500000 113.619905558254 -0.156809329287
1513048388.250180960 1023.250000000000 110.204720386452 -0.173165727767
1513048388.564616919 1023.159290255104 108.907346403074 -0.181884540617
1513048388.984040976 1023.034644681634 107.182733248988 -0.195254651483
1513048389.613115072 1022.796875000000 104.635814693086 -0.214625518144
1513048390.661401987 1022.302304768010 100.340840206047 -0.246369699775
1513048391.080765009 1022.068461034532 98.601043405395 -0.258444739514
1513048392.024317980 1021.534372080613 94.706232483681 -0.276925746847
1513048392.758183956 1021.117271043157 91.711355215784 -0.297344248853
1513048393.911418915 1020.481945427605 87.003477138024 -0.357320477273
1513048394.225933075 1020.343750000000 85.721891015877 -0.374589747164
1513048394.750144958 1020.076634845524 83.581647900384 -0.321394735591
1513048395.798567057 1019.515439138856 79.397508194279 -0.345194943716
1513048396.532388926 1019.004591728234 76.518366912937 -0.323999112635
1513048397.266268015 1018.346707938842 73.803530362394 -0.333231651851
1513048397.895275116 1017.705403567292 71.628580336462 -0.335733496026
1513048398.209809065 1017.356880330522 70.580948161044 -0.338107750655
1513048398.629231930 1016.866392517126 69.223382568505 -0.334192466550
1513048399.153363943 1016.206880085628 67.585332842511 -0.340920114441
1513048399.677807093 1015.500278627233 66.040037695317 -0.353207116032
1513048400.201742887 1014.723719371078 64.605814984313 -0.357507223425
1513048400.725956917 1013.914305356333 63.278416427600 -0.370366927391
1513048401.250123978 1013.020310850844 62.042185026267 -0.362512916824
1513048401.774322987 1012.045006592827 60.905867616034 -0.345209956270
1513048402.822710991 1009.704766673432 59.158818752537 -0.319751544796
1513048404.185616016 1005.788743386874 58.054687500000 -0.292096996403
1513048405.863642931 999.966754292808 58.027842676798 -0.298013883095
1513048407.016292095 995.343970318774 58.245424348436 -0.322352682430
1513048408.589077950 988.330158984769 58.289475251088 -0.295152753925
1513048410.161669970 980.907182099225 58.095219290077 -0.255784814719
1513048411.524332047 974.309526687672 57.945312500000 -0.269840934017
1513048412.677680016 968.642042374679 57.828125000000 -0.284499018122
1513048414.564659119 959.376954384028 57.703125000000 -0.274555538861
1513048416.138269901 951.981777602198 57.609375000000 -0.256957294472
1513048417.395320892 946.120723719222 57.465789476602 -0.257801638006
1513048418.758217096 939.567643795046 57.398818743565 -0.264317142396
1513048420.435642958 931.417472987989 57.273437500000 -0.223939169416
1513048421.484025002 926.300907258065 57.140625000000 -0.171015471357
1513048422.428081036 921.560141523362 56.843750000000 -0.088710815189
1513048423.790505886 914.828452650562 56.536877164366 -0.037899282636
1513048425.153373957 908.164827347075 56.054687500000 -0.055630063913
1513048426.830795050 899.945961833060 55.583441555510 -0.070982556608
1513048428.298552990 892.557403102614 54.975713017102 -0.088791234776
1513048430.185652018 883.028665289682 54.046875000000 -0.112907509420
1513048431.653397083 875.751036707111 53.333779407651 -0.202063221405
1513048433.225992918 868.225044876771 52.313549146128 -0.189969530851
1513048434.169519901 863.778969748069 51.606851812017 -0.150735950817
1513048435.322746038 858.520583758450 50.641046003380 -0.066158161167
1513048436.790488958 851.860425237506 49.164932341147 -0.039192280387
1513048437.943718910 846.657244760461 48.122478730038 -0.011182968170
1513048439.306622028 840.682845432298 46.996883233074 0.240383533683
1513048440.355694056 836.100900310041 46.216631327510 0.326476210875
1513048441.927580118 829.068531288089 44.975850015236 0.196762283158
1513048443.395330906 822.696141019781 43.903063834982 0.133650559060
1513048444.338890076 818.618232132010 43.154219639603 0.028599435466
1513048447.169548988 806.488301711354 41.092775142613 -0.017625607164
1513048448.113121033 802.530979773620 40.424945954724 0.066626872623
1513048449.895373106 795.115494522732 39.212161404546 0.035725132190
1513048451.048563004 790.305778705527 38.350340446459 -0.103601632125
1513048452.830837965 782.654017314887 36.942336219148 -0.344303767659
1513048453.774405956 778.595150099764 36.129256274941 -0.343743568825
1513048455.242137909 772.071725098419 34.722891683070 -0.393153401123
1513048456.185673952 767.865224015182 33.813962253795 -0.307799517309
1513048457.967921019 759.830642166396 32.377582416599 -0.488173027286
1513048458.492121935 755.334265762100 32.011440127017 -0.439215977267
1513048459.435683012 749.614857179710 31.387175598309 -0.394317136775
1513048460.798582077 743.030632101837 30.486474736108 -0.345564881731
1513048462.161494970 736.684255474670 29.504667579112 -0.382163482015
1513048464.048676014 727.740686946903 27.967973912242 -0.489963874344
1513048465.830885887 719.327176929018 26.432528078705 -0.490349637321
1513048467.613109112 710.909817793462 24.925302284547 -0.447252099024
1513048469.290537119 702.791495561639 23.593155298923 -0.369003853220
1513048470.967950106 694.633658804827 22.225401467471 -0.380030364735
1513048472.855106115 685.551200581811 20.837018895453 -0.378399886186
1513048474.847296953 676.269879283951 19.272725856790 -0.428749896728
1513048476.105057001 670.545015394969 18.343750000000 -0.379438625953
1513048477.992142916 662.094389780105 16.925127956021 -0.420254313546
1513048479.040541887 657.480555725204 16.079456075068 -0.405674709132
1513048481.032527924 649.045840612125 14.328125000000 -0.414632425274
1513048482.500220060 643.067215354414 13.215629642402 -0.507491379318
1513048484.177649975 636.345706824100 12.081445682410 -0.471277949936
1513048485.121186972 632.812566586960 11.582047896740 -0.552775759426
1513048486.064743042 629.318276560267 11.094905312053 -0.591251976846
1513048487.427651882 624.416492929524 10.365991484339 -0.642459091137
1513048488.790559053 619.626984922578 9.728763740322 -0.576612037687
1513048490.677649021 613.307367872988 10.020172765876 -0.622585746281
1513048492.459916115 608.159803914306 12.232598042847 -0.519575779029
1513048493.508289099 605.955641261262 14.419358738738 -0.477737027941
1513048495.395401001 603.863482417514 19.447810577403 -0.481353605109
1513048497.072835922 603.416484145674 24.298907167304 -0.492742951798
1513048498.226057053 603.304687500000 27.930154310594 -0.512438353154
1513048500.113166094 603.156250000000 34.802008346199 -0.527198089477
1513048501.790549040 603.000000000000 41.563097379450 -0.433656125397
1513048503.782526016 602.656250000000 49.596794420569 -0.296754617177
1513048505.040570021 602.523437500000 54.643775866990 -0.224569816774
1513048507.032552004 602.296875000000 62.667390250872 -0.133519963307
1513048508.290579081 602.105680180478 67.797380601358 -0.048251456483
1513048509.967999935 601.789062500000 74.713600307157 -0.093436746072
1513048511.959938049 601.492187500000 82.754896390374 -0.113021305241
1513048513.637357950 601.218750000000 89.452639838832 -0.115394971507
1513048514.790585041 601.023437500000 94.023324127194 -0.184458850051
1513048516.153508902 600.789062500000 99.353266156382 -0.180787437076
1513048517.726098061 600.484375000000 105.424928867450 -0.211666813889
1513048520.137361050 600.093750000000 114.531549636642 -0.280379836848
1513048521.185779095 600.031250000000 118.486316374575 -0.260033735205
1513048522.443811893 599.898437500000 123.236560200774 -0.282635207419
1513048524.226074934 599.578125000000 130.054370230859 -0.269240746307
1513048526.008317947 599.234375000000 137.207407424068 -0.271403212607
1513048526.951880932 599.078125000000 141.151274181548 -0.283192225865
1513048528.209997892 598.855591443804 146.464230280980 -0.214900234137
1513048529.782545090 598.533334835455 153.265877154996 -0.197472892186
1513048530.830938101 598.281250000000 157.810029103705 -0.140666902474
1513048532.193845034 598.062500000000 163.628158121118 -0.024584528462
1513048533.347060919 597.935947656734 168.485100387965 0.078099614706
1513048535.234519958 597.742363942325 176.295022355588 0.189046799881
1513048536.911573887 597.406250000000 183.031593109529 0.240384584555
1513048538.588999987 597.257812500000 190.002393708248 0.147300564698
1513048539.637382030 597.078125000000 194.298956464329 0.085819577091
1513048541.000287056 596.737937834225 199.780123245321 0.168186261590
1513048542.363189936 596.437500000000 205.220181381903 0.083638326360
1513048544.145453930 596.335937500000 212.463108533919 0.039908487444
1513048545.403513908 596.226562500000 217.612004188865 -0.007378491633
1513048547.395462036 595.953125000000 225.870888070241 -0.071265645536
1513048549.177710056 595.693178629950 233.645615720300 -0.112493806449
1513048551.169653893 595.320312500000 242.418089607684 0.018635437050
1513048552.218044043 595.023437500000 246.931027556600 0.111695733879
1513048553.371321917 594.804687500000 251.879323056350 0.194559345386
1513048555.572922945 594.515625000000 261.338797591489 0.286566544446
1513048557.669657946 594.011603547317 270.104034037072 0.301652724435
1513048559.766442060 593.646944563097 278.515277184516 0.288781305862
1513048561.968063116 593.296875000000 287.086144107603 0.198501797244
1513048563.540632963 593.234375000000 293.522467847473 0.065025369527
1513048565.951981068 593.156250000000 303.962915671617 -0.177622717778
1513048567.314860106 592.671226982917 309.185375796978 -0.156328228200
1513048568.677772045 591.903505487155 313.450801525690 -0.110864625788
1513048570.040627003 591.088771382167 315.912300985666 -0.085588910381
1513048572.347122908 588.432821925169 319.132414806124 -0.121327339034
1513048574.548717022 582.548278310259 322.245742922435 0.005125986248
1513048576.960007906 573.695354608336 323.359375000000 0.128982897727
1513048578.847099066 567.318450527804 323.044178059024 0.172105058051
1513048580.524524927 562.638715404171 322.945312500000 -0.027884039703
1513048581.992279053 558.972472716122 323.000000000000 -0.189141299933
1513048583.669694901 554.567667681282 323.070312500000 -0.305076105784
1513048585.451962948 548.858874258160 323.164062500000 -0.349680905441
1513048586.919677973 543.468993776753 322.778930627675 -0.338510139484
1513048587.863298893 539.751852729626 322.488466522963 -0.323808625041
1513048589.855202913 531.713361872770 321.968750000000 -0.347764080624
1513048591.008409023 527.075592269327 321.558868453865 -0.369237481210
1513048592.685854912 520.696377671856 321.070312500000 -0.386936186382
1513048593.839046001 516.670470832736 320.959159895908 -0.391089393602
1513048595.306854010 511.622885305923 320.789062500000 -0.362468876738
1513048596.669703960 506.840128785798 320.593750000000 -0.326436765370
1513048598.137450933 501.414358197736 320.429687500000 -0.297290651951
1513048600.548742056 492.183767942244 320.244158044224 -0.256161608426
1513048602.540688038 485.118021994391 320.090924624299 -0.227263817316
1513048604.637455940 478.190435450217 319.432007556277 -0.261353288706
1513048606.943934917 469.857056637603 318.800549413760 -0.156132054814
1513048608.306840897 464.759938837921 318.601562500000 -0.109105229742
1513048610.193912029 457.450373234731 318.277068573473 -0.084065495971
1513048612.081017971 449.743020873813 317.874135412619 -0.073011627602
1513048613.443914890 444.372182480366 317.734375000000 -0.027459129274
1513048614.387497902 440.904800846001 317.590335169200 -0.045238606209
1513048615.226183891 438.084122627271 317.453125000000 -0.098565528210
1513048617.113276005 432.538773643638 316.820216214546 -0.007201700835
1513048618.056833029 429.944516076504 316.403380358835 -0.021573711740
1513048619.839087009 424.746707991512 314.918687371817 0.169518050276
1513048622.355236053 417.846276642984 310.258577190645 0.020820422356
1513048624.137481928 414.524122656231 305.147683398405 0.243984528451
1513048626.863331079 412.382555019842 295.717720079369 0.696761322317
1513048628.855252981 411.796875000000 288.585191922504 0.906203759868
1513048630.323003054 412.187500000000 283.249126700519 1.030898128154
1513048632.000395060 412.439334505109 276.705402278099 1.079493920069
1513048633.677850962 412.921875000000 270.276879225522 1.632303512400
1513048635.250376940 413.389306239766 264.293778222223 2.131597648553
1513048637.137522936 413.859375000000 256.769706948949 2.023305659730
1513048638.395553112 414.156250000000 251.738276224328 1.934115930950
1513048639.234261036 414.384148173577 248.251134132117 2.168520594173
1513048640.911689997 414.874678321922 241.487913458855 2.273374449377
1513048641.645590067 415.109375000000 238.469946223399 2.250352548056
1513048643.532676935 415.132812500000 231.163640506842 1.732871990733
1513048644.895572901 415.052236946623 225.667434733115 1.600104592293
1513048646.992346048 415.257764005046 217.000218227291 1.419264372503
1513048648.879448891 415.632812500000 209.362796123340 1.668673795877
1513048650.242336988 415.945312500000 203.913830318446 1.900623849003
1513048652.653639078 416.651690298871 194.381059545775 1.754128778433
1513048654.645613909 416.953125000000 186.635370217522 1.305025805583
1513048656.322993994 417.164062500000 180.019972574441 1.171183220448
1513048657.685900927 417.302621834868 174.385734571780 1.267412107880
1513048659.153651953 417.343750000000 168.094139433616 0.365401986897
1513048660.411710978 417.546875000000 162.614818153596 -0.164888036070
1513048661.145622969 417.570312500000 159.394807881741 -0.426158255609
1513048662.718175888 417.632812500000 152.561791294643 -1.037518233572
1513048664.500411987 418.250000000000 144.783921907441 -0.927278918053
1513048666.806925058 419.320312500000 135.125266923811 -0.478456874430
1513048668.274619102 420.000000000000 129.430861861194 0.039151876886
1513048669.847250938 420.699390485750 123.895711564125 0.164292546591
1513048671.734343052 421.955110536232 117.608252586955 0.250039233103
1513048673.202056885 423.203375333037 112.342748667851 0.611183202144
1513048675.823075056 425.782266002415 102.906092240338 0.713951240208
1513048677.710118055 428.747547600812 96.212549148173 0.701831997001
1513048679.702055931 432.258913407846 88.861629888231 0.702175680150
1513048681.798844099 436.198651464634 81.450353320731 0.780298153995
1513048684.000467062 440.153688140511 74.756895086071 0.928874236926
1513048685.992953062 444.043638912953 69.362611087047 0.997582072211
1513048688.298849106 448.399914541297 62.656884778271 1.115727737334
1513048689.766592979 450.093750000000 58.572470614884 1.190698624036
1513048692.282696962 450.013642003293 50.441346506585 1.357977024541
1513048694.798872948 445.099529086755 43.794841586755 0.463038588536
1513048696.685950994 440.613848483814 39.973223483814 0.292718967919
1513048698.782718897 435.026621824193 35.238716368145 0.215347446853
1513048701.194072008 428.115645407312 30.009778379570 -0.073193410779
1513048702.871439934 423.496097231065 26.705418791121 -0.280951315222
1513048704.339214087 420.018545179292 24.135732679292 -0.508161723033
1513048706.540796041 415.789462574850 20.984575037425 -1.164102011561
1513048707.798876047 414.097213013828 19.884544006914 -1.418651828668
1513048710.105324030 410.657164697347 17.586852197347 -1.265822068653
1513048712.097259045 406.320926441176 13.711551441176 -1.244181361309
1513048713.984363079 402.802260913545 9.469016370317 -1.081113673618
1513048714.927906036 401.434155355608 7.590405355608 -0.847661397515
1513048717.339198112 395.972386083524 1.203460847445 -0.404311866956
1513048719.855319023 391.680301999667 -6.037833500665 -0.408439891861
1513048721.742463112 390.890625000000 -11.443211137868 -0.370778063506
1513048723.839214087 390.650391594774 -18.143550323517 -0.300573813169
1513048725.621459007 390.484375000000 -24.917033899969 -0.316142230118
1513048727.298885107 390.500000000000 -32.087062098133 -0.277522897201
1513048728.556945086 390.793949764106 -37.680686320532 -0.264540036587
1513048730.339220047 391.274393121186 -45.463971894071 -0.216422097096
1513048732.540831089 391.836231687567 -54.982086781618 -0.144521784672
1513048734.637635946 392.218750000000 -63.929906549860 -0.100018084708
1513048736.315022945 392.515625000000 -71.164510290229 -0.025660240589
1513048738.097275019 392.750000000000 -78.759919672873 0.070821405743
1513048740.613423109 393.187500000000 -89.865080007508 0.151193948935
1513048742.081233025 393.312500000000 -96.548465181067 0.203702963137
1513048743.653734922 393.578125000000 -103.727861349580 0.253103653764
1513048746.065038919 393.914062500000 -113.485902281627 0.256625104980
1513048748.371464968 394.484375000000 -122.782392157680 0.065564426268
1513048749.524724007 394.734375000000 -127.474832207443 0.087613598570
1513048751.306963921 394.966334726326 -134.401986131630 0.145897217044
1513048752.774703026 395.125000000000 -139.626162789852 0.169282438380
1513048754.032843113 394.960937500000 -143.250731401918 0.003374689937
1513048755.710417032 393.671091954195 -147.196291307256 0.198716659471
1513048757.492463112 389.679167012424 -149.736458246894 0.353117239798
1513048759.169981003 384.210086105541 -150.554687500000 0.242771694081
1513048760.847306967 377.554454891927 -150.941406250000 0.275292023594
1513048761.686014891 374.079835292386 -151.167968750000 0.281125714491
1513048763.048949003 368.447901925509 -151.460419614898 0.273009317989
1513048763.887626886 364.883944615570 -151.554687500000 0.289939583144
1513048764.621512890 361.702286821357 -151.649158389887 0.339668952238
1513048765.879566908 356.281662227108 -151.742153147741 0.414299988935
1513048767.242472887 350.533170073188 -151.820312500000 0.323630915184
1513048767.766693115 348.355152845394 -151.840984034539 0.276154930168
1513048768.605370998 344.922942463862 -151.882812500000 0.267142267331
1513048770.177957058 338.599606198883 -151.960351880112 0.247531006344
1513048770.911822081 335.662833287766 -151.973560421223 0.186792321691
1513048771.855379105 332.036180915035 -152.019531250000 0.186820975542
1513048772.589279890 329.399003335687 -152.089773020539 0.191933629475
1513048773.847315073 325.225417646221 -152.210937500000 0.145364589192
1513048774.581207991 322.924177161835 -153.487356672707 -0.061451408927
1513048775.315088034 320.810666824551 -153.745635456138 -0.213910423168
1513048776.782802105 317.275933210900 -152.135308210900 -0.283732546038
1513048778.250534058 315.194418766411 -148.418300065642 -0.261680177868
1513048779.403770924 314.723080722292 -144.449175750312 -0.251318164171
1513048780.452171087 314.679687500000 -140.277926114029 -0.216261139524
1513048781.919909000 314.663512842807 -133.848264556843 -0.168047214356
1513048782.863454103 314.570312500000 -129.589630681818 -0.190600502130
1513048784.331195116 314.310961799222 -122.837657944946 -0.219844897031
1513048785.694103003 314.007812500000 -116.474834895415 -0.235623017987
1513048787.266678095 313.843750000000 -109.268373349344 -0.234188629116
1513048788.524741888 313.570312500000 -103.543955810162 -0.217087979814
1513048790.202176094 313.296875000000 -96.080035667798 -0.231289171316
1513048791.774755001 313.015625000000 -89.495512922782 -0.229441104557
1513048792.508618116 312.875000000000 -86.450704860945 -0.237992117681
1513048793.242499113 312.726142979452 -83.408502462963 -0.251140125870
1513048795.234420061 312.335937500000 -75.265457660883 -0.243586428083
1513048796.702188969 312.122398807824 -69.330744039121 -0.238163022706
1513048797.855407000 312.031250000000 -64.546183274048 -0.232033660911
1513048799.532810926 311.968750000000 -57.364715771525 -0.242749887568
1513048800.476367950 311.876913060655 -53.230228363929 -0.247785486314
1513048801.839739084 311.703125000000 -47.148137525511 -0.248744364228
1513048803.307019949 311.296875000000 -40.558520930800 -0.250698284817
1513048803.831214905 311.107447924136 -38.191562544816 -0.242779833368
1513048805.403803110 310.640625000000 -31.167710870162 -0.230687229561
1513048806.032840967 310.515625000000 -28.402634644915 -0.229300028891
1513048807.395737886 310.343750000000 -22.486547225118 -0.210947005284
1513048808.024760962 310.262566529984 -19.757479850080 -0.206548240178
1513048808.863496065 310.148437500000 -16.111861114892 -0.211240608418
1513048809.597373009 310.040024208062 -13.016527290311 -0.223439187601
1513048810.855417013 309.859375000000 -8.120227411954 -0.243787327391
1513048812.218316078 309.726699751675 -3.039748758377 -0.268216451450
1513048813.581233025 310.244201119389 1.906491977557 -0.278174063817
1513048814.210261106 310.940249136530 3.998373057192 -0.263232846126
1513048815.678512096 313.922134797217 7.757985698145 -0.197244987751
1513048817.040901899 317.867080683034 9.313463210379 -0.120083919108
1513048819.137692928 325.052098558729 9.730209855873 -0.074119495341
1513048820.290904045 329.503786072025 9.843750000000 -0.077125985668
1513048821.548978090 334.603761354696 9.980688635470 -0.089352263392
1513048822.702208042 339.494898705969 10.143003232836 -0.102111759841
1513048823.960314989 344.937621734818 10.359375000000 -0.098680379431
1513048825.637757063 352.068467590502 10.695128009050 -0.120345437936
1513048827.419965029 359.420987253787 11.039062500000 -0.137251119004
1513048828.782860041 364.982688084443 11.251812548704 -0.144823414572
1513048830.145764112 370.459532198191 11.432671969819 -0.169626844267
1513048831.403848886 375.315012752058 11.570312500000 -0.197051968476
1513048832.871599913 380.750854790419 11.734375000000 -0.179697328213
1513048834.444156885 385.894044647975 10.935790176013 -0.143146214660
1513048836.750668049 390.619299245101 6.019952642147 -0.156370930737
1513048839.161901951 391.171875000000 -2.025087182182 -0.238013502425
1513048841.468360901 390.609375000000 -11.298963553950 -0.347109415374
1513048843.460298061 390.578125000000 -19.869394664807 -0.408804447070
1513048844.928189993 390.796875000000 -26.456454233565 -0.358867177400
1513048847.024811029 390.984375000000 -36.353230492223 -0.363939686435
1513048849.855465889 391.599853153277 -48.839964189747 -0.311973047067
1513048851.637722015 391.804756793349 -55.250277173396 -0.329964705426
1513048853.419967890 392.020462275981 -61.362360371823 -0.311926362107
1513048856.040966988 392.552090905158 -69.932261379370 -0.419796543511
1513048856.879662991 392.570312500000 -72.381912216193 -0.411592327185
1513048859.500641108 391.273437500000 -77.049539840267 -0.541143707173
1513048861.702243090 391.230357940376 -77.132812500000 -0.629813062622
1513048864.532896042 391.187500000000 -77.316406250000 -0.601958610762
1513048867.153873920 390.921875000000 -78.868459846009 -0.427373863803
1513048868.831304073 391.050076941148 -81.022028882296 -0.363771669076
1513048871.661983013 393.531250000000 -87.126520371580 -0.415746126500
1513048873.968578100 394.108232453795 -94.889667777230 -0.471708878442
1513048876.799048901 394.046875000000 -105.242105581664 -0.592030665205
1513048878.371629000 394.279383060413 -110.891074440101 -0.610783995954
1513048881.202275038 394.445312500000 -121.305766931168 -0.665475657872
1513048883.194192886 394.945312500000 -128.458373675394 -0.721601304027
1513048884.976603031 395.390625000000 -135.022761385804 -0.752801344964
1513048887.597448111 395.062500000000 -143.794849024402 -0.599349592048
1513048889.484539986 393.394110960198 -148.635396059702 -0.666881189361
1513048892.000673056 386.471972375360 -151.853112828080 -0.836398158297
1513048893.992613077 378.690888187583 -152.547612385403 -0.666852145917
1513048894.831326962 375.090887206068 -152.775286279393 -0.553876621650
1513048896.194205999 369.329485530185 -152.895448553018 -0.549380128428
1513048897.557121992 363.779151574358 -152.855258907436 -0.612094741294
1513048899.653892040 355.539412012475 -152.789062500000 -0.605774684659
1513048900.702315092 351.492768325784 -152.849941917422 -0.617966019425
1513048902.695617914 343.964146836440 -153.636718750000 -0.246885196236
1513048903.742624044 340.006790173805 -153.968750000000 -0.106800347153
1513048904.895853043 335.572905126603 -154.140625000000 -0.105018197972
1513048906.258745909 330.490469474235 -154.305640552577 -0.079056024991
1513048907.516819954 326.185816731096 -154.456820841387 -0.089916224851
1513048909.089421034 321.187831959441 -154.240940743240 -0.197312450067
1513048910.766995907 316.953917003783 -152.196104503783 -0.251516398840
1513048912.339405060 314.645962500598 -148.326037502394 -0.229029992646
1513048914.121665001 313.980083212088 -142.134791060440 -0.233289842824
1513048915.170061111 313.906250000000 -137.937771258373 -0.219691900385
1513048916.952302933 314.000000000000 -130.084455268052 -0.245118758217
1513048918.315213919 314.070312500000 -123.629354970997 -0.261981216843
1513048920.307358027 313.985370962555 -113.907588743390 -0.239524770298
1513048921.984586954 313.852625106929 -105.619125588109 -0.200548409396
1513048923.976530075 313.539062500000 -95.841307544184 -0.211265160902
1513048925.234599113 313.266134072641 -89.818608871687 -0.225850227723
1513048927.855571985 312.718951910168 -77.930697050838 -0.260609801038
1513048929.428128958 312.601562500000 -71.287740987205 -0.250993920830
1513048931.210406065 312.582374861645 -63.627061669871 -0.245011907433
1513048932.992650032 312.299326372109 -55.506895732651 -0.279608517269
1513048934.355555058 311.968750000000 -49.063172916418 -0.280964307829
1513048935.508785963 311.715361052857 -43.537172504274 -0.287811056547
1513048937.605559111 311.429703969038 -33.269638298748 -0.280576055826
1513048938.863672018 311.250000000000 -27.094918831557 -0.269895901536
1513048940.750720024 310.882812500000 -18.054206684681 -0.254067878049
1513048942.637820005 310.500000000000 -9.434461981615 -0.254963089194
1513048945.153963089 309.508938672224 1.059103806937 -0.267252507200
1513048947.355573893 305.476205055502 8.070535902811 -0.212811022790
1513048950.186295986 296.058436907793 13.266437618441 -0.225395019922
1513048951.863648891 289.404651749921 14.152343750000 -0.233996482423
1513048953.750747919 281.270964083345 14.101562500000 -0.245156810427
1513048956.162075043 269.826924548630 13.812500000000 -0.231784468221
1513048958.049149036 260.439511788922 13.277343750000 -0.244428128317
1513048959.936209917 251.025836311355 12.815955109280 -0.273196185144
1513048961.403954029 243.787084795950 12.382812500000 -0.276846742187
1513048963.500761032 233.666114942742 11.960937500000 -0.264143761040
1513048965.178177118 225.870118536536 11.764355603654 -0.233202634893
1513048966.960423946 217.833784099183 11.654117424932 -0.176930022321
1513048968.218492031 212.186474524400 11.759200039633 -0.119859912851
1513048969.371718884 206.858432636187 11.937500000000 -0.087187358841
1513048971.153989077 198.355385926006 12.218750000000 -0.013489199118
1513048972.412045002 192.489316621370 12.291905906552 0.070173652559
1513048974.194457054 184.657398951651 12.293083645165 0.192501403635
1513048976.395910025 175.369146057699 12.190918421475 0.298792832861
1513048978.073399067 168.108909998989 11.727087321356 0.357065761812
1513048979.750782967 160.859030537754 11.242187500000 0.427281850301
1513048981.008887053 155.585060771869 11.144531250000 0.456074164437
1513048982.476577044 150.424882179928 11.320312500000 0.492038202221
1513048983.944319010 146.562774573994 11.628906250000 0.548288911992
1513048984.678230047 144.866260097727 11.799788300758 0.566236334868
1513048986.250777006 141.339822837419 12.334475270323 0.679771077233
1513048988.347549915 135.922316719723 12.889396536620 0.814580256352
1513048989.920155048 131.993832510519 11.567640007889 0.886598248761
1513048992.331430912 130.107117717864 5.771268205341 0.928425530027
1513048993.904016018 133.077461278229 3.179798120295 0.842860105517
1513048995.371766090 136.757734748804 3.147451218600 0.787669791719
1513048996.420159101 139.615350580300 3.973346026767 0.738147953459
1513048997.992727041 144.634873661452 5.291243348436 0.611502924092
1513048999.984666109 152.111437791828 6.484787558366 0.516018523260
1513049001.662072897 158.937225870685 7.023437500000 0.479441211183
1513049003.968538046 169.028527897679 7.382812500000 0.393279109724
1513049005.855628967 177.506375815087 7.735012581509 0.349764810449
1513049007.742733002 186.259948205410 8.163589433784 0.210675821868
1513049008.791145086 191.345737320347 8.359375000000 0.133072238247
1513049010.258858919 198.792579531365 8.695312500000 0.035445403207
1513049012.565316916 210.960727045253 9.313586006465 -0.058173215886
1513049014.137904882 219.365690410190 9.764057827844 -0.151799132793
1513049016.758892059 233.116581270580 10.460937500000 -0.236876672121
1513049019.065330029 244.758536408170 10.906859743441 -0.255420951818
1513049020.847583055 253.150930640880 11.122603595073 -0.260450545521
1513049022.839529037 261.991617014320 11.242187500000 -0.239958341801
1513049024.936417103 270.833579112869 11.320312500000 -0.236181529511
1513049027.347600937 280.601778819162 11.552365381916 -0.249236400393
1513049029.549247026 289.025497918921 11.851562500000 -0.253903671904
1513049032.065340996 297.834251811508 13.253063405754 -0.223518356766
1513049033.952428102 303.419617906277 16.419617906277 -0.230193774452
1513049036.154052973 307.320899386794 22.791410047174 -0.265546073862
1513049037.936319113 308.187500000000 28.649977281607 -0.235576271635
1513049039.718569040 308.179687500000 34.368235746244 -0.261817205761
1513049042.129882097 308.000000000000 42.145960347377 -0.258243700287
1513049044.121813059 307.664062500000 48.916388941044 -0.266644108264
1513049046.113774061 307.296875000000 56.092089265682 -0.271307476973
1513049048.315357924 306.915642583825 64.531337919125 -0.297546000956
1513049050.621824026 306.531250000000 73.456573688972 -0.288344582854
1513049051.879869938 306.244560983711 78.214695081445 -0.260068593723
1513049053.557300091 305.798641562811 84.323434527669 -0.233427792415
1513049056.073434114 305.132812500000 93.009693042809 -0.255344981681
1513049058.065351009 304.828125000000 99.648452019299 -0.281439351320
1513049059.952466011 304.656250000000 105.796129028396 -0.318288532384
1513049061.629889011 304.617187500000 110.711948812707 -0.304694295555
1513049063.621829033 304.656250000000 116.849003319896 -0.287337581995
1513049065.194417000 304.634195604028 122.272540520138 -0.275787407120
1513049067.710529089 304.560916529359 132.226457646795 -0.256861621406
1513049069.492808104 304.671875000000 139.743191737415 -0.233527222533
1513049071.904087067 304.296875000000 149.881237042829 -0.294678545698
1513049073.896004915 304.101562500000 158.131315877375 -0.314817206390
1513049076.202486992 303.671875000000 168.070602041317 -0.319638672554
1513049077.565382957 303.335937500000 174.075528116852 -0.318431541405
1513049079.242806911 303.148437500000 181.263643544689 -0.279945370416
1513049080.396039009 303.106433021480 186.131897392599 -0.261062411459
1513049081.654093027 303.073867774646 191.320512255276 -0.328279342817
1513049083.226680994 302.804687500000 197.564441838495 -0.392321892013
1513049085.637980938 301.460937500000 207.256872319148 -0.334448481027
1513049087.629940987 301.064231799304 214.776497253482 -0.306994222350
1513049088.678302050 300.843750000000 218.602574304447 -0.294957898156
1513049090.775088072 300.578125000000 225.944053133973 -0.253664513962
1513049092.242824078 301.539642172298 230.689818689192 -0.267212030045
1513049094.444438934 306.874959284604 234.850570669227 -0.282562819879
1513049096.331530094 312.858257282170 235.296875000000 -0.256545305604
1513049098.323488951 320.365262623938 235.214843750000 -0.162057590069
1513049100.210619926 328.026724381135 235.203125000000 -0.126267266306
1513049102.202503920 336.433223230904 235.273732144242 -0.066872194467
1513049103.879919052 343.469532110902 235.464140711090 -0.028059100159
1513049105.347693920 349.621298369760 235.890625000000 -0.139824558492
1513049105.976707935 352.257836406172 236.138673867181 -0.086245820846
1513049107.654138088 359.300820546805 237.009772174467 -0.079266816787
1513049108.492832899 362.786782710253 237.594672118375 -0.074509474567
1513049110.904133081 372.697565310351 238.803680968965 -0.181974154675
1513049112.057351112 377.428798623462 238.773437500000 -0.198795060061
1513049113.734833956 384.072942943836 238.403639264041 -0.232453595179
1513049114.363806009 386.462196935109 238.195312500000 -0.253188237490
1513049115.202622890 389.597402463703 237.823762192037 -0.276406981843
1513049116.879944086 395.729865885448 237.383939778638 -0.323640548150
1513049117.928337097 399.396724406617 237.333221949173 -0.314210571119
1513049118.662359953 401.745274141304 237.351948330163 -0.293222803608
1513049120.339637041 406.261536639034 236.907612786989 -0.332042154616
1513049122.017033100 410.079159436439 234.736729595342 -0.362122562183
1513049124.323499918 412.789062500000 227.678908554793 -0.378430713328
1513049126.315423012 413.140625000000 220.050242100492 -0.385446679081
1513049128.097697020 413.419204032692 213.146167336541 -0.453447137026
1513049130.299312115 413.695312500000 205.139298505714 -0.468451367474
1513049132.605792046 414.109375000000 196.505035717485 -0.441880895997
1513049134.388025999 414.609375000000 189.305759001242 -0.414173332452
1513049136.170277119 415.000000000000 181.764053400676 -0.394607014301
1513049138.057368040 415.243606092143 174.271289125356 -0.412850456195
1513049140.049326897 415.078125000000 170.246352560131 -0.519047798845
1513049141.831620932 414.444731799475 168.311919299475 -0.559337972318
1513049144.033204079 411.213222558677 165.959095019559 -0.690123983777
1513049146.444482088 404.113374725903 165.071765659262 -0.735644371610
1513049148.750943899 395.499132213429 164.617274278657 -0.676075426895
1513049150.218687057 389.609077279750 164.359375000000 -0.659510589708
1513049151.476778030 384.319552023979 164.260232297602 -0.720634401399
1513049152.839663982 378.675565434571 164.046875000000 -0.578406875034
1513049154.936429977 369.784952527314 163.781250000000 -0.423916725909
1513049156.509010077 362.897410778336 163.694181536944 -0.355943967691
1513049157.871937037 357.024485904760 163.655686325397 -0.230064595629
1513049159.549334049 349.802432665871 163.461400638823 -0.443059837910
1513049161.541274071 341.536253851431 162.999438270286 -0.442274484207
1513049164.162297964 330.953397236058 162.373435346211 -0.424118796487
1513049166.783221960 320.887131403005 161.304687500000 -0.205287854725
1513049169.509052038 311.590323303342 161.019531250000 -0.194599156819
1513049172.130008936 304.437808658424 163.343544227717 -0.247213626558
1513049175.170345068 302.257812500000 173.040606257303 -0.171600861584
1513049178.315495014 302.007812500000 187.146633605898 -0.187969518248
1513049180.831624031 301.561245394008 198.881273029960 -0.180874732009
1513049183.662293911 300.578125000000 212.000726123862 -0.195435123849
1513049186.283238888 299.973941481521 224.166759351632 -0.232590393393
1513049189.742940903 299.687500000000 238.451265113339 -0.271562533173
1513049192.363889933 299.296875000000 249.131385998021 -0.222123703728
1513049195.194597960 298.945312500000 261.836103495798 -0.211648812054
1513049196.662373066 298.617187500000 268.700679406572 -0.203238324346
1513049199.492937088 297.867187500000 281.227025500545 -0.128407525743
1513049201.065505028 297.562500000000 287.846186507827 -0.091264404177
1513049203.162292004 297.195312500000 296.112975911210 -0.064287236041
1513049205.049371958 297.281131216934 302.897843584672 -0.035641825908
1513049206.622018099 298.369309086489 308.454859639202 -0.058562699009
1513049209.033266068 303.785782983980 314.777247177487 -0.090917468912
1513049211.759059906 313.804081500125 316.515625000000 -0.123821148591
1513049213.960680962 322.607554904316 316.464843750000 -0.161445948511
1513049216.476819992 333.150936348162 316.772124884816 -0.219901263000
1513049218.049411058 339.751411057635 317.035038661864 -0.297620914019
1513049220.146190882 348.814937039422 317.416869753285 -0.382121867555
1513049222.242959976 358.753241459627 317.968750000000 -0.448302201455
1513049224.339951992 368.840678323057 318.461727637176 -0.482639334259
1513049225.702627897 375.353463513482 318.833491751123 -0.510211222963
1513049227.380059004 383.373004291529 319.527828482627 -0.536870198882
1513049229.791354895 392.490324647428 322.998137147428 -0.603848530574
1513049231.363924980 395.398713196058 327.885385941131 -0.675453567586
1513049233.565565109 393.358970380357 335.693247826190 -0.596317850795
1513049235.452645063 388.326847135841 341.782953818879 -0.552649023255
1513049237.130069971 383.174237539161 347.399436214755 -0.338868012027
1513049239.331685066 376.201240763950 354.759696736050 -0.313132408356
1513049240.904278994 371.436616571560 359.914945928440 -0.292901733581
1513049242.686536074 366.888219468382 365.913764547427 -0.281915841362
1513049244.259124994 364.030240905906 371.541459098473 -0.351898883514
1513049245.726861000 362.524618317459 376.900345912705 -0.383697591642
1513049247.718785048 362.226562500000 384.423743230885 -0.403504938202
1513049249.920730114 362.830045079480 392.648305317921 -0.156446115635
1513049251.388161898 362.710937500000 397.249764761585 0.028330687392
1513049253.589766979 360.778884804206 402.566047793691 0.226123577919
1513049255.686548948 356.597534223519 406.028727184321 0.359982315328
1513049257.678477049 350.607855285384 407.312500000000 0.490988533460
1513049259.670423031 343.319458999018 407.424914649902 0.456269232584
1513049261.243000031 337.090215708289 406.734375000000 0.434162785484
1513049263.234937906 329.201941267463 405.774881626746 0.383262206292
1513049264.807539940 323.150162545099 405.074391254510 0.368746533695
1513049266.694612980 316.080657662641 404.420581854670 0.372867770493
1513049268.057804108 311.039744439344 404.125085242418 0.357418268414
1513049269.525271893 306.000587847590 404.038012456551 0.379898871041
1513049270.363975048 303.324562168780 403.953125000000 0.379207668573
1513049272.041409016 298.405791366152 402.792739433076 0.372235700933
1513049274.033343077 294.198161662053 398.502849162053 0.346721192117
1513049276.234942913 292.203125000000 390.802583288332 0.310271384924
1513049277.807548046 291.976721213109 384.414856065545 0.276771282853
1513049279.484950066 292.171875000000 377.161877391430 0.245321821874
1513049282.001080990 292.268362556258 366.149005940581 0.174402812086
1513049284.202707052 292.238179227941 356.825610753676 0.154052584929
1513049286.509136915 292.391946388438 346.966710002030 0.127455249969
1513049288.291419029 293.046875000000 339.502712074299 0.151619611504
1513049290.807544947 294.328205191325 329.694911543373 0.421971793618
1513049293.323718071 298.056975816167 321.537011071708 0.359136003081
1513049295.525312901 304.712536677169 317.378106661416 0.106253869038
1513049298.146306992 314.754249672860 316.167968750000 -0.183785337144
1513049300.138298035 322.887238996753 316.328125000000 -0.265957485735
1513049302.549484968 331.946527145924 316.795676893777 -0.304887027342
1513049304.541404009 337.305251320328 319.868588952361 -0.264541230817
1513049306.638700008 339.687500000000 325.646510675318 -0.270599811242
1513049309.049488068 338.984375000000 333.601489787229 -0.107412003940
1513049310.831746101 338.359375000000 340.079452207111 -0.042241004855
1513049312.928531885 337.765625000000 348.217666209758 0.024583982032
1513049314.815629959 337.359375000000 355.721582800781 0.049157242959
1513049316.283370018 337.148437500000 361.522461144589 0.015419561461
1513049317.751137018 336.890625000000 367.261008139869 0.005369637157
1513049319.952723980 336.434374142733 375.889057785030 -0.022328357934
1513049321.315639019 336.359375000000 381.186877678253 -0.007577767592
1513049322.783382893 335.815739483867 386.718177580665 0.069110810366
1513049324.565635920 334.812500000000 393.130116617619 0.162762379653
1513049326.033392906 334.250000000000 397.390912737374 0.181139852327
1513049328.444685936 335.411166105986 403.230754507483 0.478663474402
1513049330.122100115 337.805746417577 405.551310708789 0.502734885241
1513049334.630171061 348.679015325722 406.934509434856 0.450806858001
1513049336.831768036 355.887749607722 405.925437630759 0.421701929165
1513049338.194689989 358.685038796064 403.889795254920 0.333292734944
1513049340.396303892 360.726562500000 397.116779609498 -0.070937310280
1513049341.864057064 361.109375000000 390.642786873948 -0.259803330879
1513049343.751166105 361.357348652542 381.724548093224 -0.347646689935
1513049345.952761889 362.541733820140 371.219833834546 -0.342777387936
1513049347.420506001 364.885364879790 364.646787700350 -0.346563480096
1513049349.307605028 370.020384540147 357.017488074816 -0.361563606464
1513049350.985014915 375.926502478777 350.940685021223 -0.317194295780
1513049353.291488886 384.044502227941 342.363854244853 -0.233327228954
1513049355.073734045 390.001211849868 335.796488231399 -0.197133580581
1513049357.275352001 396.686236011339 328.103247818214 -0.217901851411
1513049359.267287970 401.956639616984 322.847462113519 -0.113622520116
1513049360.735035896 406.083815753145 319.622419841784 -0.000539460673
1513049362.831795931 412.542506176300 316.810116415463 0.111648572242
1513049365.243093967 418.806666407595 315.721683984599 0.161245901452
1513049367.864070892 426.783232069090 315.850396413818 0.067497253418
1513049370.485275030 437.779947363765 316.289062500000 0.030936606106
1513049373.210836887 451.412350173767 316.939609833841 -0.100609325851
1513049375.412457943 463.239618986213 317.114913310777 -0.181971961221
1513049377.194725990 473.425910410584 317.312500000000 -0.286565318505
1513049378.662471056 481.961342693330 317.258899629048 -0.285672038782
1513049380.235057116 490.545855784751 317.230468750000 -0.376686696267
1513049382.751182079 504.012330389106 317.208607884241 -0.421772066231
1513049384.744239092 514.464574511791 317.562500000000 -0.449103667915
1513049386.630234003 523.898898638968 318.285233106495 -0.461422752992
1513049387.573762894 528.540536395856 318.773437500000 -0.471614318690
1513049389.356039047 537.121970683190 319.201957281675 -0.460221438169
1513049391.243124008 546.067827495969 319.309329286002 -0.480960241382
1513049391.977057934 549.572346993716 319.414062500000 -0.477623075268
1513049393.654557943 557.638366594127 319.730327599633 -0.448951482362
1513049394.912487030 563.597631192288 319.915526299679 -0.155140967497
1513049396.799602985 571.966874095950 320.046875000000 -0.023423268457
1513049397.848016024 576.358628225169 320.200458602097 -0.103174042653
1513049399.210861921 581.119663162373 320.507812500000 -0.248945387768
1513049401.097978115 586.510075152793 321.014365605901 -0.266943233414
1513049402.460882902 589.392365249709 321.097656250000 -0.250401849637
1513049403.614120007 591.810792184553 321.101562500000 -0.261361808803
1513049405.081844091 595.741152998871 321.031250000000 -0.257253977107
1513049405.606050014 597.456303884501 320.929687500000 -0.263163044875
1513049406.864336967 602.139213417603 320.527461381866 -0.427179811154
1513049408.227029085 608.003374369133 320.049849010906 -0.521506098472
1513049410.428633928 618.440790812053 319.939829932329 0.825367602417
1513049412.106067896 625.842120179737 319.295638464053 0.890461406585
1513049414.412545919 635.593943308914 318.321074419109 0.782497656019
1513049416.194767952 642.657734406504 317.585789059350 0.732954849342
1513049416.928646088 645.446124904026 317.318668759597 0.699209351098
1513049418.186709881 649.802608587267 316.866470801592 0.713689131326
1513049419.444770098 653.767136307831 316.492187500000 0.767839995043
1513049420.912513018 658.674026649678 316.434301356290 0.931129138211
1513049421.541547060 660.944232693666 316.453125000000 1.040117139616
1513049422.485157967 663.814546371693 316.359033938051 1.102268596359
1513049423.428646088 666.240116752547 316.156250000000 1.021000482595
1513049424.372208118 668.962541475319 315.882812500000 0.959814727494
1513049425.630244017 673.409010896959 315.466451762880 0.964919003457
1513049427.098000050 678.676048934340 314.707940891415 0.937676690202
1513049428.251229048 682.490724976945 314.164062500000 0.888389944464
1513049429.823889971 687.843011969034 313.671875000000 0.917817607251
1513049431.291546106 693.156486996931 313.801609899386 1.110788806171
1513049432.864139080 699.164532357183 314.031197793646 0.921346366773
1513049434.331887960 704.493355705099 313.478223573725 1.135138839155
1513049436.743182898 712.724043578524 312.347971115184 1.080906529278
1513049438.525449038 718.067006056809 311.483811742899 0.470378353084
1513049440.831887007 723.789187242156 311.346899948431 -0.380705482186
1513049442.719007969 727.543444435330 312.738439811777 -0.369648490403
1513049444.606086016 730.308268002367 314.909830502367 -0.300185893943
1513049446.807712078 732.068609207978 317.922550655983 -0.251646254033
1513049448.799633026 733.137413005799 323.026214523196 -0.279275126094
1513049450.372210979 733.492187500000 329.329871107477 -0.294620868611
1513049452.259341002 733.898437500000 337.772176019863 -0.443532386838
1513049454.251310110 734.070312500000 346.903570965583 -0.243412652470
1513049456.452874899 734.562500000000 356.770502723211 -0.190840037834
1513049458.864156961 735.430239632694 367.777302428860 -0.224675274274
1513049462.219002962 737.090350489990 382.901477939938 0.326075539092
1513049463.791591883 737.811127741108 389.801046326096 0.469116811068
1513049465.573847055 738.500000000000 397.330636891834 0.313820726296
1513049467.251266003 739.060962305695 403.403236625627 0.245050872139
1513049469.033534050 739.375000000000 408.649005764365 -0.108216071620
1513049470.710951090 739.554687500000 413.180420340976 -0.349809396016
1513049472.178723097 739.570312500000 417.799060808975 -0.402519936759
1513049473.856118917 738.458595240479 423.266010408325 -0.146877888984
1513049475.952892065 734.382995108113 428.421753261258 -0.320560975787
1513049478.364183903 727.301785639520 430.656250000000 -0.206289810898
1513049479.831933975 723.175077474451 430.516425618613 -0.230150539617
1513049481.928714037 716.990920643401 430.031250000000 -0.051411010460
1513049484.025468111 713.591759179934 429.765625000000 -0.329859401642
1513049485.912580967 711.687701398355 429.726612849589 -0.509184093595
1513049487.799681902 708.194837626931 429.321535437822 -0.599239957005
1513049489.896461010 700.904007827544 429.364770181038 -0.554438762589
1513049491.469047070 693.407675398357 429.794033266941 -0.501082241518
1513049493.146441936 684.466608658297 429.773437500000 -0.632141040107
1513049495.452897072 672.951690385032 429.007812500000 -0.682911218572
1513049497.654525995 663.795247668457 428.268744597371 -0.759900972633
1513049499.436786890 656.913146619544 427.363281250000 -0.926043212314
1513049500.799684048 651.940555431779 426.690760379534 -0.928362223422
1513049502.267436028 646.418093707052 426.185559370705 -0.808302303676
1513049504.364222050 637.647946597011 426.273437500000 -0.927957298413
1513049505.832530975 630.944652621229 426.187554989898 -1.077658059666
1513049507.719079018 622.678890453860 426.125000000000 -1.010363858538
1513049510.025487900 613.423408068403 425.789062500000 -0.989904438096
1513049511.807769060 606.290783006889 425.448781601378 -0.932706247390
1513049513.275522947 600.472575564538 425.080851306454 -0.676783632359
1513049514.638436079 596.383797095112 424.452151115037 0.381406405004
1513049516.315851927 591.991305577742 422.439516218495 0.599481913059
1513049517.993263960 588.865313865847 419.028439548771 0.614274072114
1513049519.356163979 587.750000000000 414.624512132821 0.467463092216
1513049520.928736925 587.708360521410 407.885226350132 0.434249733674
1513049522.396492004 587.987894534771 400.760519506605 0.373533280840
1513049523.864252090 588.316142681770 393.129338544273 0.394609776526
1513049525.227164030 588.523437500000 385.893330503278 0.514011046767
1513049527.114218950 588.884687201421 375.783752090051 0.651750455232
1513049528.791707039 589.250000000000 367.082734902345 0.809890465461
1513049530.678812981 589.484375000000 357.563392231759 0.769973851525
1513049532.041654110 589.609375000000 351.176342012600 0.638309494339
1513049533.823916912 589.562500000000 343.222578606173 -0.020045315254
1513049536.235233068 589.601562500000 336.502201532070 -0.239123651240
1513049538.646543026 589.765625000000 334.082152813984 -0.263895785686
1513049540.743279934 589.946705934660 331.012243540320 -0.242973305615
1513049542.525542021 590.604193305742 326.695232582773 -0.185432958513
1513049544.622317076 592.766938809330 322.928373690670 -0.160093276035
1513049546.404580116 595.689814306650 321.385474638670 -0.155685310462
1513049548.815866947 600.932613622128 320.445312500000 -0.161083904325
1513049550.807863951 606.535992154963 319.807408211259 -0.195233502504
1513049552.904607058 613.333504234658 319.250000000000 -0.231535392604
1513049555.211036921 621.343360561859 319.210976443814 -0.209838230982
1513049557.517489910 629.257035532498 319.447787172083 -0.207907581852
1513049560.348134041 637.383784427212 318.609375000000 -0.258369874791
1513049562.444895029 643.152755231951 317.553171221006 -0.259761420850
1513049564.751362085 650.322033705990 316.433421629401 -0.331368090250
1513049567.267512083 658.754956425073 315.919302321866 -0.367753308323
1513049569.888461113 667.742566079295 315.450147990088 -0.442360873790
1513049571.461091042 673.462276176924 314.867187500000 -0.490601161784
1513049573.662673950 681.537354333468 314.045348916633 -0.556681127055
1513049575.969127893 689.517507397728 313.246686760227 -0.570976937380
1513049578.380435944 697.350665053296 312.664152244670 -0.378159764024
1513049581.211093903 706.257642521178 311.506087983043 0.074229675611
1513049583.936872005 713.522811648094 310.796875000000 0.338486057026
1513049586.453003883 721.500138287638 309.854474901545 0.290400476304
1513049588.444935083 728.310971873681 309.058975781580 0.598162086659
1513049589.912681103 733.218350615260 308.417042110592 0.505811001039
1513049592.009490013 739.474551101892 307.218750000000 0.258825167298
1513049594.420756102 745.095000754670 306.249583081777 0.342165223458
1513049595.993326902 748.155744485294 305.728033088235 0.544151328592
1513049598.509464979 754.061289024806 305.097656250000 -0.022333765168
1513049599.977200031 758.725147123894 304.590997234513 -0.013780969265
1513049601.444955111 764.222067814424 304.082148937115 0.339522929713
1513049603.961229086 775.090773958505 302.944345208299 0.562819926810
1513049606.372417927 785.172460882253 302.056136671192 -0.051048126472
1513049608.050446033 790.227936511846 301.441234498519 -0.316834214100
1513049610.461102962 798.934411889711 300.413590061029 -0.373906051159
1513049611.719201088 804.137421735241 299.996360688730 -0.334836996007
1513049613.606254101 811.832403402710 299.484375000000 -0.283405437495
1513049615.388575077 817.979692863696 298.953125000000 -0.302118471175
1513049616.856256008 823.353486899139 298.644531250000 -0.299721295016
1513049619.582072020 834.245800683932 297.701220719345 -0.298917031359
1513049621.154658079 840.976646573227 297.056633618898 -0.285375786281
1513049623.461144924 851.608692987585 295.940812042701 -0.355967039603
1513049625.557881117 861.676859131908 294.766290054256 -0.504971325506
1513049627.235296011 869.808533170592 293.675140304901 -0.611223072926
1513049629.122440100 878.592253056322 292.487103911973 -0.590445425131
1513049630.904644966 886.758933378097 291.181547218492 -0.551552565015
1513049633.211110115 897.270833458887 289.561197885278 -0.466801484238
1513049635.517570019 907.696341125554 287.493544274889 -0.351902242231
1513049636.775613070 913.552855474083 285.880819008639 -0.319719261888
1513049638.872406006 923.603576086122 282.440272903965 -0.277093614757
1513049640.130490065 929.607701964149 279.872441889938 -0.244527266931
1513049642.436925888 940.233607184440 274.403585689336 -0.230371169142
1513049644.533699989 949.130449704230 269.100593873237 -0.176872421610
1513049646.211122036 955.608266290288 264.956915225827 -0.179658480622
1513049647.888703108 961.366425708001 260.742758843999 -0.126911251783
1513049649.251461029 965.320022329845 257.822483252616 -0.114566777986
1513049651.138549089 969.624457225794 254.816949024206 -0.115505714698
1513049652.396615028 972.129307431420 252.855067568580 -0.106628010708
1513049653.549848080 974.282725375873 251.201649624127 -0.113427256488
1513049654.912744045 976.888920934348 249.528195782826 -0.135218750022
1513049656.590169907 980.440631718022 248.570312500000 -0.158187396857
1513049658.477267981 984.031541735146 248.893277789191 -0.198697509640
1513049660.783713102 987.968555779193 250.474560819798 -0.200625077035
1513049662.041815042 989.158590311699 251.446482655850 -0.214811249525
1513049663.928883076 990.531477602440 253.113736454879 -0.254496418091
1513049665.082108021 991.643349689463 254.937861568390 -0.259888401592
1513049667.074045897 994.102395302680 260.204790605361 -0.297750719886
1513049668.436950922 995.265625000000 265.149850481291 -0.304687231488
1513049669.695003033 995.916618655432 270.259936554319 -0.300353574114
1513049672.001468897 996.814842544797 279.667962723982 -0.202869198655
1513049673.678889036 997.687500000000 286.892646817095 -0.375638140002
1513049675.356293917 998.529626473014 293.862164351575 -0.389404906200
1513049677.033730030 999.257812500000 301.040731802765 -0.374413514927
1513049678.291831017 999.533991260719 306.544956303597 -0.376178022224
1513049679.864362955 999.739146817221 313.513005903325 -0.434403300166
1513049681.646646023 1000.117187500000 321.407806523366 -0.454363691773
1513049683.428894997 1000.683848902283 329.139525425114 -0.462251308003
1513049685.525670052 1001.427722433686 338.503834602117 -0.493605442167
1513049687.098305941 1002.000000000000 345.493315841237 -0.525035546362
1513049689.404732943 1002.796875000000 355.570457165622 -0.593184518199
1513049690.767756939 1003.234375000000 361.483383924643 -0.617366116169
1513049692.445041895 1003.755490319585 368.381759257719 -0.613177832839
1513049694.122457981 1004.640625000000 374.734474434874 -0.592699761840
1513049696.114394903 1005.755065575694 381.270262302775 -0.647238500625
1513049697.896656990 1007.263775784780 387.300064461950 -0.662200866665
1513049699.259565115 1008.407593705272 392.421452878996 -0.687326317980
1513049700.727505922 1009.406462598977 398.335087104093 -0.728345641657
1513049703.033767939 1010.567182993872 407.789039969358 -0.724618845735
1513049703.662789106 1010.956878317499 410.218138269998 -0.631447793536
1513049705.969252110 1012.054687500000 419.051861137999 -0.573712928468
1513049707.856337070 1012.687500000000 426.694272164253 -0.222241876614
1513049710.267626047 1013.664062500000 436.687838823404 -0.059023613731
1513049711.420901060 1014.125000000000 441.552229227626 -0.280199982322
1513049712.678940058 1014.578125000000 446.955435180151 -0.281759316884
1513049714.356354952 1015.031250000000 454.073815801134 -0.511337418135
1513049715.928930044 1015.259016096462 459.946822434078 -0.768370002754
1513049717.186995983 1015.453125000000 464.037253924093 -1.106596827777
1513049718.340246916 1015.697582564112 467.282517756447 -1.127650445275
1513049720.017647982 1016.054687500000 471.344458780643 -1.097319346991
1513049721.590265036 1015.982075627132 475.350648118603 -0.920806416426
1513049722.953146935 1015.573492783218 479.127903867129 -0.528032998549
1513049724.211208105 1015.246886138288 483.135106127703 -0.167117245813
1513049725.574100018 1015.411685438006 487.894364690031 -0.025828439159
1513049727.566045046 1016.623290628036 495.074706256072 -0.498128841932
1513049728.509633064 1017.218750000000 498.520599738814 -0.406522391767
1513049730.187004089 1017.773426084236 504.562454336942 -0.295097590829
1513049731.654757023 1018.240429265659 510.139646328294 -0.081360080381
1513049733.541874886 1019.335624282365 517.985466776505 0.056232910660
1513049734.590265989 1019.921875000000 522.442599490164 0.024621861378
1513049736.058028936 1020.766425961676 528.465342789219 0.135345792485
1513049738.049915075 1021.877358828588 536.623527971527 0.058426131123
1513049740.251543045 1022.543212821076 546.178223073545 0.341369338847
1513049741.614459991 1022.640625000000 552.244028459061 0.610102032269
1513049743.187035084 1022.577722423511 559.121340817158 0.859632989642
1513049744.654752016 1022.390625000000 565.312625918464 1.091840725754
1513049745.598319054 1022.227807344772 569.601841491018 1.061687470400
1513049746.856372118 1021.929687500000 575.217374934715 0.733243103621
1513049748.009613037 1021.822601784574 580.323946422870 0.532225070487
