1513047923.814076900482 0.000000000000 -0.000000000000 0.000000000000 1.000000000000 0.000000000000 0.000000000000 0.000000000000
1513047924.023734092712 0.003924540622 -0.000229155285 0.017151235720 0.999845178306 0.059465222061 0.000427126273 -0.012394025922
1513047924.338284015656 0.003916289044 0.000026655077 0.017251574325 0.999843510332 0.055973540992 0.002845730167 -0.010193021037
1513047924.652762889862 0.003827276853 -0.000056737270 0.016770881749 0.999852032182 0.041301168501 0.011260004714 -0.006885484792
1513047925.072156906128 0.003604265476 -0.000163749399 0.017260423030 0.999844518039 0.046895146370 0.004199870862 -0.012507985346
1513047925.386679887772 0.003729460583 0.000282694663 0.017887432454 0.999833011541 0.062183026224 -0.002776190871 -0.002162112156
1513047925.805999040604 0.003615910668 0.000218653511 0.017143569118 0.999846475924 0.037456080317 0.007989664562 -0.002730868291
1513047926.120510101318 0.003922151384 0.000592664797 0.017448307708 0.999839898201 0.045215655118 0.005146783311 0.003154897131
1513047926.539892911911 0.003120219190 -0.000432055060 0.016970466412 0.999851029319 0.038348697126 -0.002876385814 -0.009930750355
1513047926.854409933090 0.003244241830 0.000444996268 0.017541890179 0.999840766804 0.039601832628 -0.000214072832 -0.009949280880
1513047927.273757934570 0.003590810839 -0.000230663380 0.016738163712 0.999853432633 0.002397429431 0.007506227586 0.000443583325
1513047927.902780056000 0.003529554999 0.000404400992 0.017398420815 0.999842324396 0.047955062240 0.001520381193 0.000124022903
1513047928.217299938202 0.003399015214 0.000123650802 0.017388623706 0.999843021265 0.042004305869 -0.004441090394 -0.005224364810
1513047928.636640071869 0.003077166008 -0.000487167266 0.017293910904 0.999845595261 0.041606526822 0.002188813873 -0.012452141382
