1508998814.7412 0.0000 -0.0000 0.0000 1.0000 0.0000 0.0000 0.0000
1508998814.9508 0.0001 -0.0011 0.0009 1.0000 0.6624 -0.0323 -0.0919
1508998815.1605 0.0001 -0.0012 0.0009 1.0000 1.2980 -0.0681 -0.1565
1508998815.3702 0.0001 -0.0020 0.0002 1.0000 1.9488 -0.0900 -0.2335
1508998815.5799 0.0007 -0.0026 0.0002 1.0000 2.6757 -0.1208 -0.2776
1508998815.7897 0.0007 -0.0035 0.0015 1.0000 3.3688 -0.1781 -0.3347
1508998815.9992 -0.0003 -0.0046 0.0013 1.0000 4.1350 -0.1972 -0.3916
1508998816.2090 0.0001 -0.0047 -0.0005 1.0000 4.9871 -0.2336 -0.3981
1508998816.4186 0.0009 -0.0049 0.0003 1.0000 5.8036 -0.2561 -0.4251
1508998816.6282 0.0019 -0.0057 0.0000 1.0000 6.6554 -0.3133 -0.4339
1508998816.8379 0.0023 -0.0061 -0.0004 1.0000 7.5009 -0.3274 -0.4413
1508998817.0477 0.0022 -0.0065 -0.0014 1.0000 8.3576 -0.3471 -0.4668
1508998817.2574 0.0027 -0.0064 -0.0008 1.0000 9.2766 -0.4049 -0.4771
1508998817.4670 0.0035 -0.0069 -0.0002 1.0000 10.1799 -0.4321 -0.4804
1508998817.6766 0.0045 -0.0067 0.0001 1.0000 11.0747 -0.4903 -0.4680
1508998817.8863 0.0047 -0.0072 0.0006 1.0000 11.9885 -0.5454 -0.4780
1508998818.0960 0.0050 -0.0067 0.0012 1.0000 12.9179 -0.5866 -0.4521
1508998818.3057 0.0023 -0.0051 0.0013 1.0000 13.8316 -0.6256 -0.4578
1508998818.5154 0.0037 -0.0020 0.0020 1.0000 14.7475 -0.6785 -0.4185
1508998818.7251 0.0051 -0.0008 0.0021 1.0000 15.6183 -0.7046 -0.4221
1508998818.9348 0.0036 -0.0039 0.0019 1.0000 16.5240 -0.7395 -0.4345
1508998819.1444 0.0047 -0.0041 0.0022 1.0000 17.3939 -0.7759 -0.4702
1508998819.3541 0.0059 -0.0026 0.0027 1.0000 18.2797 -0.8173 -0.4639
1508998819.5639 0.0055 -0.0035 0.0029 1.0000 19.1452 -0.8630 -0.4639
1508998819.7735 0.0051 -0.0075 0.0020 1.0000 20.0267 -0.8832 -0.4823
1508998819.9832 0.0045 -0.0112 0.0029 0.9999 20.8868 -0.9318 -0.4894
1508998820.1929 0.0035 -0.0091 0.0030 0.9999 21.7248 -0.9764 -0.4994
1508998820.4026 0.0041 -0.0050 0.0037 1.0000 22.5753 -1.0083 -0.4700
1508998820.6124 0.0047 -0.0046 0.0033 1.0000 23.3921 -1.0565 -0.4443
1508998820.8220 0.0028 -0.0058 0.0034 1.0000 24.2119 -1.0836 -0.4485
1508998821.0316 0.0015 -0.0069 0.0030 1.0000 25.0135 -1.1039 -0.4524
1508998821.2413 0.0023 -0.0073 0.0040 1.0000 25.8282 -1.1400 -0.4733
1508998821.4509 0.0020 -0.0068 0.0053 1.0000 26.6328 -1.2002 -0.4600
1508998821.6607 0.0013 -0.0072 0.0053 1.0000 27.4405 -1.2079 -0.4653
1508998821.8704 -0.0002 -0.0069 0.0056 1.0000 28.1976 -1.2472 -0.4660
1508998822.0800 -0.0002 -0.0076 0.0056 1.0000 28.9830 -1.2704 -0.4601
1508998822.2898 0.0003 -0.0075 0.0062 1.0000 29.7410 -1.2962 -0.4576
1508998822.4994 -0.0003 -0.0057 0.0058 1.0000 30.5205 -1.3228 -0.4434
1508998822.7091 0.0002 -0.0055 0.0063 1.0000 31.2848 -1.3405 -0.4449
1508998822.9188 0.0009 -0.0051 0.0068 1.0000 32.0290 -1.3630 -0.4349
1508998823.1284 0.0014 -0.0062 0.0068 1.0000 32.7784 -1.3914 -0.4391
1508998823.3382 -0.0000 -0.0069 0.0081 0.9999 33.5008 -1.4397 -0.4370
1508998823.5478 -0.0003 -0.0079 0.0078 0.9999 34.2273 -1.4582 -0.4535
1508998823.7575 0.0007 -0.0084 0.0070 0.9999 34.9515 -1.4599 -0.4732
1508998823.9672 0.0026 -0.0069 0.0073 0.9999 35.6561 -1.4991 -0.4480
1508998824.1769 0.0016 -0.0061 0.0077 1.0000 36.3754 -1.5290 -0.4344
1508998824.3866 0.0010 -0.0068 0.0079 0.9999 37.0528 -1.5363 -0.4246
1508998824.5962 0.0008 -0.0077 0.0078 0.9999 37.7482 -1.5666 -0.4351
1508998824.8059 0.0009 -0.0080 0.0078 0.9999 38.4290 -1.5888 -0.4255
1508998825.0155 0.0003 -0.0078 0.0083 0.9999 39.1050 -1.6074 -0.4344
1508998825.2252 0.0000 -0.0070 0.0080 0.9999 39.7725 -1.6421 -0.4211
1508998825.4350 -0.0005 -0.0076 0.0084 0.9999 40.4399 -1.6579 -0.4252
1508998825.6446 -0.0011 -0.0072 0.0089 0.9999 41.0783 -1.6720 -0.4122
1508998825.8543 -0.0022 -0.0069 0.0089 0.9999 41.7171 -1.6934 -0.3981
1508998826.0640 -0.0024 -0.0076 0.0096 0.9999 42.3708 -1.7234 -0.4224
1508998826.2736 -0.0024 -0.0071 0.0098 0.9999 42.9929 -1.7378 -0.4069
1508998826.4834 -0.0027 -0.0070 0.0100 0.9999 43.6239 -1.7544 -0.4093
1508998826.6930 -0.0035 -0.0067 0.0096 0.9999 44.2599 -1.7794 -0.4068
1508998826.9029 -0.0037 -0.0067 0.0104 0.9999 44.8620 -1.7941 -0.3931
1508998827.1124 -0.0040 -0.0066 0.0085 0.9999 45.4834 -1.7925 -0.3915
1508998827.3221 -0.0053 -0.0062 0.0009 1.0000 46.0580 -1.8271 -0.3934
1508998827.5318 -0.0060 -0.0056 -0.0069 0.9999 46.6611 -1.8758 -0.3862
1508998827.7414 -0.0056 -0.0048 -0.0185 0.9998 47.2377 -1.8923 -0.3835
1508998827.9512 -0.0050 -0.0048 -0.0289 0.9996 47.8393 -1.9550 -0.3927
1508998828.1608 -0.0041 -0.0050 -0.0382 0.9993 48.4196 -2.0183 -0.3972
1508998828.3705 -0.0037 -0.0050 -0.0451 0.9990 49.0027 -2.0666 -0.3962
1508998828.5802 -0.0046 -0.0046 -0.0515 0.9987 49.5647 -2.1694 -0.4061
1508998828.7899 -0.0035 -0.0037 -0.0568 0.9984 50.1096 -2.2496 -0.3862
1508998828.9996 -0.0029 -0.0040 -0.0623 0.9980 50.6710 -2.3464 -0.3952
1508998829.2093 -0.0019 -0.0036 -0.0679 0.9977 51.2164 -2.4457 -0.3858
1508998829.4190 -0.0011 -0.0041 -0.0721 0.9974 51.7609 -2.5411 -0.3961
1508998829.6286 -0.0009 -0.0038 -0.0762 0.9971 52.3007 -2.6515 -0.4024
1508998829.8383 -0.0009 -0.0042 -0.0787 0.9969 52.8075 -2.7450 -0.4050
1508998830.0481 0.0006 -0.0031 -0.0811 0.9967 53.3587 -2.8523 -0.3906
1508998830.2576 0.0017 -0.0037 -0.0812 0.9967 53.8878 -2.9935 -0.4075
1508998830.4673 0.0022 -0.0041 -0.0828 0.9966 54.4146 -3.0980 -0.4195
1508998830.6769 0.0030 -0.0033 -0.0836 0.9965 54.9237 -3.2178 -0.4133
1508998830.8867 0.0038 -0.0032 -0.0840 0.9964 55.4406 -3.3218 -0.4180
1508998831.0964 0.0055 -0.0037 -0.0851 0.9964 55.9561 -3.4290 -0.4156
1508998831.3062 0.0053 -0.0031 -0.0850 0.9964 56.4625 -3.5335 -0.4168
1508998831.5157 0.0061 -0.0055 -0.0847 0.9964 56.9867 -3.6647 -0.4258
1508998831.7254 0.0061 -0.0053 -0.0841 0.9964 57.4895 -3.7767 -0.4260
1508998831.9352 0.0071 -0.0049 -0.0831 0.9965 58.0179 -3.8788 -0.4358
1508998832.1448 0.0078 -0.0047 -0.0820 0.9966 58.5613 -3.9951 -0.4413
1508998832.3545 0.0072 -0.0043 -0.0787 0.9969 59.1082 -4.1236 -0.4404
1508998832.5643 0.0073 -0.0044 -0.0758 0.9971 59.6726 -4.2537 -0.4427
1508998832.7738 0.0076 -0.0048 -0.0734 0.9973 60.2437 -4.3723 -0.4476
1508998832.9836 0.0082 -0.0060 -0.0711 0.9974 60.8518 -4.4756 -0.4385
1508998833.1932 0.0076 -0.0073 -0.0678 0.9976 61.4464 -4.5877 -0.4534
1508998833.4030 0.0075 -0.0075 -0.0647 0.9978 62.0645 -4.7040 -0.4504
1508998833.6126 0.0071 -0.0069 -0.0609 0.9981 62.6749 -4.8122 -0.4472
1508998833.8223 0.0078 -0.0072 -0.0572 0.9983 63.3056 -4.9173 -0.4568
1508998834.0320 0.0080 -0.0071 -0.0539 0.9985 63.9308 -5.0097 -0.4561
1508998834.2416 0.0080 -0.0072 -0.0507 0.9987 64.5937 -5.1132 -0.4449
1508998834.4514 0.0077 -0.0080 -0.0462 0.9989 65.2052 -5.2199 -0.4489
1508998834.6610 0.0061 -0.0096 -0.0441 0.9990 65.8590 -5.3269 -0.4502
1508998834.8707 0.0059 -0.0097 -0.0427 0.9990 66.5265 -5.4008 -0.4650
1508998835.0803 0.0058 -0.0101 -0.0405 0.9991 67.1929 -5.4966 -0.4706
1508998835.2900 0.0074 -0.0093 -0.0374 0.9992 67.8354 -5.5809 -0.4399
1508998835.4998 0.0062 -0.0083 -0.0353 0.9993 68.5091 -5.6716 -0.4284
1508998835.7094 0.0062 -0.0090 -0.0332 0.9994 69.1626 -5.7397 -0.4272
1508998835.9191 0.0067 -0.0088 -0.0301 0.9995 69.8491 -5.8127 -0.4250
1508998836.1289 0.0070 -0.0083 -0.0268 0.9996 70.5268 -5.8895 -0.4192
1508998836.3385 0.0066 -0.0087 -0.0250 0.9996 71.1807 -5.9335 -0.4243
1508998836.5483 0.0054 -0.0090 -0.0212 0.9997 71.8623 -6.0462 -0.4193
1508998836.7578 0.0053 -0.0082 -0.0180 0.9998 72.5073 -6.1013 -0.4077
1508998836.9675 0.0061 -0.0077 -0.0171 0.9998 73.2265 -6.1315 -0.3871
1508998837.1772 0.0056 -0.0090 -0.0147 0.9998 73.8692 -6.2248 -0.4017
1508998837.3869 0.0048 -0.0089 -0.0134 0.9999 74.5352 -6.2647 -0.3957
1508998837.5966 0.0039 -0.0099 -0.0122 0.9999 75.2039 -6.3255 -0.3971
1508998837.8062 0.0037 -0.0105 -0.0108 0.9999 75.8674 -6.3596 -0.3880
1508998838.0159 0.0039 -0.0112 -0.0097 0.9999 76.5304 -6.3855 -0.3858
1508998838.2256 0.0040 -0.0109 -0.0081 0.9999 77.1917 -6.4414 -0.3758
1508998838.4354 0.0034 -0.0112 -0.0073 0.9999 77.8275 -6.5019 -0.3769
1508998838.6449 0.0023 -0.0110 -0.0060 0.9999 78.4810 -6.5264 -0.3694
1508998838.8546 0.0025 -0.0105 -0.0057 0.9999 79.1112 -6.5558 -0.3504
1508998839.0643 0.0017 -0.0098 -0.0042 0.9999 79.7580 -6.6057 -0.3471
1508998839.2740 0.0013 -0.0091 -0.0035 1.0000 80.3821 -6.6573 -0.3285
1508998839.4837 0.0005 -0.0087 -0.0030 1.0000 81.0248 -6.6762 -0.3302
1508998839.6934 0.0008 -0.0088 -0.0023 1.0000 81.6424 -6.7259 -0.3136
1508998839.9032 -0.0000 -0.0089 -0.0014 1.0000 82.2575 -6.7353 -0.3072
1508998840.1128 0.0004 -0.0089 -0.0014 1.0000 82.8717 -6.7756 -0.3109
1508998840.3224 0.0000 -0.0095 -0.0005 1.0000 83.4930 -6.8148 -0.3200
1508998840.5323 -0.0003 -0.0088 -0.0001 1.0000 84.0898 -6.8127 -0.3035
1508998840.7418 -0.0004 -0.0084 0.0007 1.0000 84.7070 -6.8646 -0.2926
1508998840.9515 -0.0006 -0.0082 0.0014 1.0000 85.2946 -6.8886 -0.2882
1508998841.1612 -0.0006 -0.0088 0.0017 1.0000 85.8728 -6.9297 -0.2898
1508998841.3709 -0.0013 -0.0089 0.0014 1.0000 86.4880 -6.9464 -0.2926
1508998841.5806 -0.0018 -0.0082 0.0019 1.0000 87.0532 -6.9848 -0.2793
1508998841.7902 -0.0016 -0.0076 0.0025 1.0000 87.6162 -7.0050 -0.2806
1508998841.9999 -0.0005 -0.0084 0.0018 1.0000 88.2242 -7.0018 -0.2703
1508998842.2096 -0.0012 -0.0083 0.0010 1.0000 88.7836 -7.0573 -0.2730
1508998842.4193 -0.0015 -0.0078 0.0009 1.0000 89.3572 -7.0664 -0.2619
1508998842.6290 -0.0018 -0.0079 0.0005 1.0000 89.9068 -7.0777 -0.2514
1508998842.8386 -0.0023 -0.0082 -0.0006 1.0000 90.4627 -7.0971 -0.2678
1508998843.0483 -0.0028 -0.0084 -0.0012 1.0000 91.0265 -7.1314 -0.2643
1508998843.2580 -0.0023 -0.0087 -0.0018 1.0000 91.5887 -7.1682 -0.2704
1508998843.4677 -0.0010 -0.0078 -0.0029 1.0000 92.1306 -7.1901 -0.2433
1508998843.6774 -0.0009 -0.0077 -0.0027 1.0000 92.6653 -7.2420 -0.2447
1508998843.8870 -0.0011 -0.0073 -0.0040 1.0000 93.2184 -7.2574 -0.2402
1508998844.0968 -0.0010 -0.0073 -0.0060 1.0000 93.7684 -7.2915 -0.2286
1508998844.3064 -0.0008 -0.0073 -0.0069 0.9999 94.2859 -7.3159 -0.2282
1508998844.5161 0.0003 -0.0081 -0.0071 0.9999 94.8463 -7.3491 -0.2317
1508998844.7258 0.0020 -0.0088 -0.0072 0.9999 95.3901 -7.3883 -0.2338
1508998844.9354 0.0020 -0.0101 -0.0075 0.9999 95.9376 -7.4243 -0.2374
1508998845.1453 0.0022 -0.0108 -0.0077 0.9999 96.5189 -7.4572 -0.2508
1508998845.3548 0.0015 -0.0092 -0.0072 0.9999 97.0881 -7.4999 -0.2343
1508998845.5645 0.0013 -0.0086 -0.0074 0.9999 97.6765 -7.5354 -0.2352
1508998845.7742 0.0017 -0.0080 -0.0070 0.9999 98.2707 -7.5812 -0.2372
1508998845.9838 0.0033 -0.0076 -0.0077 0.9999 98.8672 -7.6052 -0.2202
1508998846.1936 0.0034 -0.0062 -0.0082 0.9999 99.4805 -7.6461 -0.2178
1508998846.4032 0.0028 -0.0071 -0.0086 0.9999 100.0885 -7.6725 -0.2242
1508998846.8226 0.0017 -0.0072 -0.0088 0.9999 101.2952 -7.7613 -0.2264
1508998847.0323 0.0026 -0.0071 -0.0093 0.9999 101.8968 -7.8031 -0.2372
1508998847.2421 0.0034 -0.0061 -0.0098 0.9999 102.5238 -7.8381 -0.2099
1508998847.4516 0.0033 -0.0069 -0.0102 0.9999 103.1381 -7.8767 -0.2329
1508998847.6613 0.0026 -0.0069 -0.0105 0.9999 103.7537 -7.9345 -0.2316
1508998847.8711 0.0025 -0.0068 -0.0108 0.9999 104.3435 -7.9662 -0.2318
1508998848.0807 0.0024 -0.0070 -0.0125 0.9999 104.9615 -8.0150 -0.2329
1508998848.2904 0.0028 -0.0076 -0.0124 0.9999 105.5797 -8.0628 -0.2278
1508998848.5001 0.0042 -0.0089 -0.0129 0.9999 106.1862 -8.0984 -0.2253
1508998848.7097 0.0045 -0.0095 -0.0139 0.9998 106.7870 -8.1427 -0.2428
1508998848.9194 0.0035 -0.0096 -0.0142 0.9998 107.3997 -8.1785 -0.2511
1508998849.1292 0.0036 -0.0094 -0.0130 0.9999 108.0127 -8.2268 -0.2367
1508998849.3388 0.0036 -0.0094 -0.0138 0.9999 108.6179 -8.2834 -0.2402
1508998849.5486 0.0042 -0.0095 -0.0147 0.9998 109.2282 -8.3129 -0.2481
1508998849.7582 0.0044 -0.0097 -0.0139 0.9998 109.8349 -8.3785 -0.2353
1508998849.9679 0.0030 -0.0110 -0.0149 0.9998 110.4730 -8.4273 -0.2672
1508998850.3872 0.0036 -0.0105 -0.0152 0.9998 111.6916 -8.5115 -0.2291
1508998850.5969 0.0038 -0.0103 -0.0156 0.9998 112.3018 -8.5712 -0.2132
1508998850.8066 0.0040 -0.0091 -0.0160 0.9998 112.9015 -8.6092 -0.2079
1508998851.2260 0.0056 -0.0108 -0.0151 0.9998 114.1545 -8.7251 -0.2333
1508998851.4356 0.0051 -0.0103 -0.0158 0.9998 114.7575 -8.7602 -0.1996
1508998851.6454 0.0058 -0.0107 -0.0161 0.9998 115.3909 -8.8146 -0.2157
1508998851.8550 0.0055 -0.0107 -0.0160 0.9998 116.0047 -8.8677 -0.2143
1508998852.0646 0.0044 -0.0096 -0.0153 0.9998 116.6187 -8.9243 -0.1954
1508998852.4840 0.0070 -0.0096 -0.0159 0.9998 117.8507 -9.0055 -0.1819
1508998852.9034 0.0055 -0.0094 -0.0153 0.9998 119.0990 -9.1028 -0.1836
1508998853.1131 0.0060 -0.0086 -0.0169 0.9998 119.7015 -9.1544 -0.1815
1508998853.5324 0.0059 -0.0098 -0.0162 0.9998 120.9178 -9.2641 -0.1808
1508998853.7422 0.0065 -0.0093 -0.0168 0.9998 121.5520 -9.2941 -0.1659
1508998854.1614 0.0051 -0.0097 -0.0167 0.9998 122.8270 -9.4117 -0.1928
1508998854.3713 0.0063 -0.0091 -0.0162 0.9998 123.4252 -9.4579 -0.1587
1508998854.5809 0.0064 -0.0094 -0.0172 0.9998 124.0594 -9.5074 -0.1546
1508998854.7906 0.0051 -0.0093 -0.0166 0.9998 124.6822 -9.5616 -0.1536
1508998855.2100 0.0050 -0.0098 -0.0169 0.9998 125.9152 -9.6708 -0.1587
1508998855.6294 0.0061 -0.0091 -0.0165 0.9998 127.1767 -9.7712 -0.1518
1508998855.8390 0.0055 -0.0087 -0.0164 0.9998 127.7885 -9.8159 -0.1432
1508998856.0487 0.0060 -0.0088 -0.0165 0.9998 128.4026 -9.8653 -0.1276
1508998856.4681 0.0064 -0.0105 -0.0164 0.9998 129.6742 -9.9709 -0.1497
1508998856.6778 0.0071 -0.0110 -0.0154 0.9998 130.2763 -10.0256 -0.1333
1508998856.8874 0.0057 -0.0102 -0.0164 0.9998 130.9123 -10.0793 -0.1314
1508998857.0971 0.0063 -0.0107 -0.0163 0.9998 131.5127 -10.1255 -0.1202
1508998857.3067 0.0079 -0.0097 -0.0167 0.9998 132.1395 -10.1721 -0.1084
1508998857.5164 0.0081 -0.0097 -0.0173 0.9998 132.7534 -10.2105 -0.0943
1508998857.7261 0.0080 -0.0104 -0.0163 0.9998 133.3713 -10.2619 -0.0989
1508998858.1454 0.0100 -0.0105 -0.0156 0.9998 134.6420 -10.3700 -0.1113
1508998858.5648 0.0106 -0.0103 -0.0157 0.9998 135.8956 -10.4692 -0.1010
1508998858.7745 0.0113 -0.0106 -0.0149 0.9998 136.4968 -10.5323 -0.0886
1508998858.9842 0.0113 -0.0117 -0.0150 0.9998 137.1459 -10.5738 -0.0795
1508998859.1940 0.0110 -0.0107 -0.0151 0.9998 137.7747 -10.6279 -0.0824
1508998859.6133 0.0108 -0.0110 -0.0152 0.9998 139.0373 -10.7202 -0.0747
1508998859.8230 0.0106 -0.0101 -0.0156 0.9998 139.6464 -10.7653 -0.0579
1508998860.2424 0.0114 -0.0115 -0.0139 0.9998 140.8991 -10.8851 -0.0621
1508998860.4520 0.0114 -0.0123 -0.0143 0.9998 141.5364 -10.9246 -0.0477
1508998860.6617 0.0113 -0.0122 -0.0137 0.9998 142.1618 -10.9810 -0.0630
1508998861.0811 0.0089 -0.0122 -0.0143 0.9998 143.4489 -11.0692 -0.0517
1508998861.2907 0.0086 -0.0117 -0.0141 0.9998 144.1161 -11.1156 -0.0248
1508998861.5004 0.0104 -0.0123 -0.0134 0.9998 144.7442 -11.1782 -0.0173
1508998861.9198 0.0113 -0.0143 -0.0135 0.9997 146.0282 -11.2500 -0.0458
1508998862.1295 0.0116 -0.0132 -0.0140 0.9997 146.6701 -11.2966 -0.0143
1508998862.3392 0.0101 -0.0133 -0.0123 0.9998 147.3338 -11.3646 0.0099
1508998862.7585 0.0107 -0.0135 -0.0125 0.9998 148.5967 -11.4473 0.0121
1508998862.9682 0.0110 -0.0134 -0.0116 0.9998 149.2172 -11.5086 0.0259
1508998863.3876 0.0098 -0.0133 -0.0126 0.9998 150.4553 -11.5865 0.0369
1508998863.8070 0.0093 -0.0136 -0.0125 0.9998 151.6968 -11.6778 0.0673
1508998864.2264 0.0096 -0.0141 -0.0126 0.9998 152.8976 -11.7662 0.0777
1508998864.6457 0.0094 -0.0132 -0.0113 0.9998 154.1108 -11.8704 0.0988
1508998865.0650 0.0084 -0.0132 -0.0109 0.9998 155.2887 -11.9546 0.1196
1508998865.2747 0.0092 -0.0138 -0.0114 0.9998 155.8532 -11.9766 0.1358
1508998865.4844 0.0092 -0.0141 -0.0115 0.9998 156.4477 -12.0242 0.1469
1508998865.9038 0.0095 -0.0147 -0.0117 0.9998 157.5852 -12.0961 0.1533
1508998866.1134 0.0098 -0.0148 -0.0122 0.9998 158.1506 -12.1368 0.1667
1508998866.5328 0.0098 -0.0146 -0.0114 0.9998 159.2892 -12.2241 0.1855
1508998866.7425 0.0105 -0.0147 -0.0111 0.9998 159.8534 -12.2726 0.1890
1508998866.9521 0.0098 -0.0151 -0.0122 0.9998 160.3915 -12.2835 0.1951
1508998867.3715 0.0080 -0.0158 -0.0119 0.9998 161.4932 -12.3791 0.1866
1508998867.7909 0.0108 -0.0160 -0.0122 0.9997 162.6644 -12.4622 0.2256
1508998868.0006 0.0114 -0.0174 -0.0132 0.9997 163.2433 -12.5104 0.2376
1508998868.4200 0.0096 -0.0155 -0.0146 0.9997 164.4273 -12.6028 0.2603
1508998868.8393 0.0085 -0.0165 -0.0140 0.9997 165.6465 -12.6870 0.2979
1508998869.2587 0.0099 -0.0165 -0.0144 0.9997 166.9416 -12.7841 0.3199
1508998869.6780 0.0108 -0.0159 -0.0135 0.9997 168.2303 -12.8995 0.3625
1508998869.8879 0.0096 -0.0165 -0.0136 0.9997 168.8937 -12.9427 0.3560
1508998870.0974 0.0096 -0.0172 -0.0139 0.9997 169.5717 -12.9956 0.3642
1508998870.5168 0.0105 -0.0173 -0.0155 0.9997 170.9282 -13.0921 0.3584
1508998870.9361 0.0092 -0.0160 -0.0150 0.9997 172.3518 -13.1942 0.4276
1508998871.3555 0.0091 -0.0166 -0.0147 0.9997 173.7639 -13.3220 0.4010
1508998871.7750 0.0089 -0.0169 -0.0157 0.9997 175.2228 -13.4292 0.4283
1508998871.9846 0.0090 -0.0166 -0.0151 0.9997 175.9569 -13.4925 0.4679
1508998872.4039 0.0100 -0.0173 -0.0150 0.9997 177.4453 -13.6106 0.4849
1508998872.6137 0.0097 -0.0166 -0.0147 0.9997 178.1997 -13.6644 0.5056
1508998873.0329 0.0109 -0.0155 -0.0143 0.9997 179.7120 -13.7699 0.5262
1508998873.4523 0.0075 -0.0158 -0.0147 0.9997 181.2657 -13.9002 0.5396
1508998873.6620 0.0084 -0.0169 -0.0137 0.9997 182.0378 -13.9603 0.5528
1508998874.0813 0.0091 -0.0162 -0.0135 0.9997 183.6150 -14.1032 0.5921
1508998874.5007 0.0083 -0.0151 -0.0134 0.9998 185.2294 -14.1944 0.6221
1508998874.9201 0.0084 -0.0167 -0.0129 0.9997 186.8620 -14.3162 0.6551
1508998875.1298 0.0081 -0.0161 -0.0129 0.9998 187.6655 -14.3806 0.6676
1508998875.5492 0.0089 -0.0171 -0.0115 0.9997 189.3507 -14.5214 0.6666
1508998875.9685 0.0068 -0.0164 -0.0114 0.9998 191.0308 -14.6273 0.7296
1508998876.3879 0.0090 -0.0154 -0.0118 0.9998 192.7105 -14.7610 0.7606
1508998876.5976 0.0087 -0.0157 -0.0104 0.9998 193.5046 -14.8071 0.7872
1508998877.0169 0.0066 -0.0169 -0.0099 0.9998 195.1218 -14.9315 0.7961
1508998877.2267 0.0075 -0.0158 -0.0095 0.9998 195.8968 -14.9696 0.8289
1508998877.6460 0.0074 -0.0165 -0.0094 0.9998 197.4831 -15.0731 0.8414
1508998878.0653 0.0066 -0.0167 -0.0090 0.9998 199.0289 -15.1759 0.8628
1508998878.4847 0.0060 -0.0170 -0.0080 0.9998 200.5868 -15.3038 0.8766
1508998878.6944 0.0068 -0.0172 -0.0084 0.9998 201.3815 -15.3495 0.9175
1508998878.9041 0.0082 -0.0172 -0.0092 0.9998 202.1594 -15.3872 0.9324
1508998879.3235 0.0066 -0.0165 -0.0079 0.9998 203.7370 -15.4961 0.9598
1508998879.5331 0.0076 -0.0163 -0.0080 0.9998 204.5167 -15.5446 0.9707
1508998879.9525 0.0079 -0.0166 -0.0077 0.9998 206.1339 -15.6597 1.0001
1508998880.1621 0.0083 -0.0169 -0.0073 0.9998 206.9109 -15.7059 1.0098
1508998880.3718 0.0092 -0.0175 -0.0076 0.9998 207.7135 -15.7561 1.0316
1508998880.7913 0.0074 -0.0168 -0.0070 0.9998 209.3029 -15.8514 1.0566
1508998881.2107 0.0064 -0.0157 -0.0070 0.9998 210.8577 -15.9582 1.1130
1508998881.4202 0.0055 -0.0156 -0.0060 0.9998 211.6426 -15.9990 1.1144
1508998881.6299 0.0043 -0.0150 -0.0062 0.9999 212.3844 -16.0463 1.1337
1508998882.0494 0.0012 -0.0165 -0.0074 0.9998 213.8827 -16.1357 1.1624
1508998882.2590 0.0003 -0.0184 -0.0073 0.9998 214.6193 -16.1798 1.1669
1508998882.4687 -0.0015 -0.0236 -0.0070 0.9997 215.3886 -16.2360 1.1857
1508998882.8881 -0.0006 -0.0172 -0.0058 0.9998 216.8241 -16.3289 1.2080
1508998883.3077 -0.0028 -0.0151 -0.0072 0.9999 218.2993 -16.4326 1.3209
1508998883.5173 -0.0033 -0.0166 -0.0067 0.9998 219.0453 -16.4544 1.2958
1508998883.7268 -0.0027 -0.0202 -0.0065 0.9998 219.7610 -16.4924 1.2856
1508998884.1462 -0.0046 -0.0168 -0.0057 0.9998 221.2998 -16.5912 1.3072
1508998884.5655 -0.0056 -0.0175 -0.0064 0.9998 222.8302 -16.6843 1.3697
1508998884.7753 -0.0054 -0.0187 -0.0062 0.9998 223.5983 -16.7249 1.3950
1508998884.9850 -0.0062 -0.0189 -0.0064 0.9998 224.3710 -16.7750 1.4073
1508998885.1946 -0.0108 -0.0213 -0.0069 0.9997 225.1630 -16.8350 1.4460
1508998885.4043 -0.0094 -0.0204 -0.0070 0.9997 225.9595 -16.8772 1.4678
1508998885.8237 -0.0088 -0.0198 -0.0052 0.9998 227.5641 -16.9752 1.5003
1508998886.0333 -0.0151 -0.0210 -0.0080 0.9996 228.3317 -16.9965 1.5370
1508998886.2430 -0.0150 -0.0217 -0.0057 0.9996 229.1576 -17.0507 1.5758
1508998886.4527 -0.0119 -0.0213 -0.0061 0.9997 229.9546 -17.1149 1.5563
1508998886.6624 -0.0119 -0.0182 -0.0056 0.9997 230.7743 -17.1690 1.6148
1508998886.8720 -0.0134 -0.0195 -0.0061 0.9997 231.5940 -17.2172 1.6281
1508998887.0817 -0.0137 -0.0203 -0.0062 0.9997 232.4056 -17.2636 1.6437
1508998887.2914 -0.0126 -0.0203 -0.0062 0.9997 233.2299 -17.2897 1.6732
1508998887.5011 -0.0110 -0.0195 -0.0068 0.9997 234.0703 -17.3412 1.7108
1508998887.7109 -0.0123 -0.0161 -0.0072 0.9998 234.8844 -17.4101 1.7454
1508998887.9205 -0.0123 -0.0144 -0.0078 0.9998 235.7262 -17.4652 1.7660
1508998888.3398 -0.0119 -0.0108 -0.0102 0.9998 237.3608 -17.5529 1.7907
1508998888.5495 -0.0144 -0.0083 -0.0111 0.9998 238.1711 -17.6113 1.8166
1508998888.7592 -0.0143 -0.0071 -0.0128 0.9998 239.0105 -17.6660 1.8329
1508998888.9689 -0.0141 -0.0071 -0.0134 0.9998 239.8194 -17.7535 1.8312
1508998889.1785 -0.0139 -0.0073 -0.0153 0.9998 240.6736 -17.7959 1.8302
1508998889.3882 -0.0133 -0.0095 -0.0151 0.9998 241.4969 -17.8752 1.8425
1508998889.5979 -0.0127 -0.0099 -0.0157 0.9997 242.3590 -17.9298 1.8321
1508998889.8076 -0.0126 -0.0086 -0.0147 0.9998 243.2084 -17.9852 1.8464
1508998890.0174 -0.0124 -0.0061 -0.0154 0.9998 244.0801 -18.0516 1.8648
1508998890.2270 -0.0112 -0.0067 -0.0151 0.9998 244.9594 -18.1167 1.8677
1508998890.4367 -0.0090 -0.0060 -0.0145 0.9998 245.8541 -18.2015 1.8726
1508998890.6463 -0.0093 -0.0061 -0.0151 0.9998 246.7494 -18.2605 1.8697
1508998890.8561 -0.0064 -0.0070 -0.0152 0.9998 247.6579 -18.3355 1.8566
1508998891.0657 -0.0027 -0.0085 -0.0137 0.9999 248.5289 -18.4462 1.8743
1508998891.2754 -0.0024 -0.0099 -0.0153 0.9998 249.4776 -18.4784 1.8803
1508998891.4854 -0.0029 -0.0123 -0.0161 0.9998 250.4014 -18.5454 1.8903
1508998891.9044 0.0010 -0.0093 -0.0183 0.9998 252.3148 -18.7156 1.8739
1508998892.1142 0.0014 -0.0117 -0.0198 0.9997 253.2626 -18.7661 1.8739
1508998892.3238 0.0013 -0.0100 -0.0205 0.9997 254.1862 -18.8373 1.8333
1508998892.7432 0.0028 -0.0094 -0.0195 0.9998 256.0584 -19.0364 1.8938
1508998892.9529 0.0031 -0.0109 -0.0203 0.9997 257.0065 -19.0985 1.8974
1508998893.1625 0.0024 -0.0126 -0.0210 0.9997 257.9545 -19.1612 1.8970
1508998893.3722 0.0021 -0.0120 -0.0202 0.9997 258.8940 -19.2788 1.9042
1508998893.7916 0.0020 -0.0104 -0.0201 0.9997 260.8337 -19.4434 1.9303
1508998894.0013 0.0028 -0.0113 -0.0206 0.9997 261.8139 -19.5352 1.9348
1508998894.2109 0.0037 -0.0118 -0.0201 0.9997 262.8008 -19.6069 1.9438
1508998894.6303 0.0029 -0.0116 -0.0203 0.9997 264.7705 -19.7855 1.9708
1508998894.8400 0.0037 -0.0111 -0.0198 0.9997 265.7687 -19.8843 1.9910
1508998895.2593 0.0037 -0.0133 -0.0207 0.9997 267.7369 -20.0278 1.9776
1508998895.6787 0.0048 -0.0098 -0.0196 0.9997 269.7005 -20.2194 2.0580
1508998896.0981 0.0039 -0.0109 -0.0195 0.9997 271.6513 -20.3993 2.0511
1508998896.5175 0.0057 -0.0121 -0.0196 0.9997 273.5941 -20.5599 2.0619
1508998896.7272 0.0055 -0.0114 -0.0198 0.9997 274.5465 -20.6307 2.0809
1508998897.1465 0.0058 -0.0120 -0.0186 0.9997 276.4753 -20.8036 2.1016
1508998897.5659 0.0055 -0.0127 -0.0180 0.9997 278.3885 -20.9764 2.0935
1508998897.7755 0.0050 -0.0124 -0.0183 0.9997 279.3271 -21.0493 2.0992
1508998897.9853 0.0062 -0.0113 -0.0183 0.9997 280.2801 -21.1288 2.1339
1508998898.4046 0.0079 -0.0126 -0.0185 0.9997 282.1230 -21.2928 2.1365
1508998898.6144 0.0070 -0.0118 -0.0179 0.9997 283.0573 -21.3638 2.1637
1508998899.0337 0.0076 -0.0105 -0.0174 0.9998 284.9212 -21.5123 2.1908
1508998899.4531 0.0080 -0.0121 -0.0169 0.9998 286.7474 -21.6751 2.1674
1508998899.8724 0.0081 -0.0109 -0.0171 0.9998 288.5662 -21.8188 2.1776
1508998900.0822 0.0082 -0.0103 -0.0172 0.9998 289.4835 -21.9015 2.2195
1508998900.2918 0.0091 -0.0110 -0.0168 0.9998 290.3620 -21.9667 2.2214
1508998900.7111 0.0083 -0.0108 -0.0165 0.9998 292.1407 -22.1129 2.2213
1508998900.9208 0.0098 -0.0123 -0.0167 0.9997 293.0331 -22.1798 2.2181
1508998901.1305 0.0096 -0.0124 -0.0153 0.9998 293.9273 -22.2705 2.2247
1508998901.5499 0.0097 -0.0140 -0.0152 0.9997 295.7172 -22.4158 2.2090
1508998901.9692 0.0104 -0.0129 -0.0153 0.9997 297.4454 -22.5425 2.2792
1508998902.1787 0.0097 -0.0129 -0.0148 0.9998 298.3114 -22.6157 2.2747
1508998902.3886 0.0111 -0.0123 -0.0155 0.9997 299.1894 -22.6714 2.3120
1508998902.8080 0.0114 -0.0124 -0.0149 0.9997 300.9375 -22.8263 2.3166
1508998903.0177 0.0110 -0.0112 -0.0146 0.9998 301.7937 -22.8935 2.3407
1508998903.4371 0.0113 -0.0128 -0.0145 0.9997 303.5584 -23.0120 2.3205
1508998903.6467 0.0121 -0.0128 -0.0142 0.9997 304.4410 -23.0779 2.3475
1508998904.0663 0.0123 -0.0130 -0.0131 0.9998 306.1523 -23.2267 2.3701
1508998904.2757 0.0112 -0.0134 -0.0134 0.9998 307.0453 -23.2921 2.3739
1508998904.6952 0.0120 -0.0137 -0.0131 0.9997 308.7904 -23.4324 2.3896
1508998905.1145 0.0113 -0.0133 -0.0129 0.9998 310.5057 -23.5608 2.4149
1508998905.3241 0.0110 -0.0141 -0.0129 0.9998 311.3654 -23.6284 2.4279
1508998905.7435 0.0108 -0.0140 -0.0131 0.9998 313.0883 -23.7419 2.4514
1508998906.1629 0.0094 -0.0162 -0.0132 0.9997 314.8034 -23.8804 2.4598
1508998906.5823 0.0086 -0.0153 -0.0127 0.9998 316.5335 -24.0136 2.5109
1508998907.0017 0.0089 -0.0156 -0.0129 0.9998 318.2696 -24.1281 2.5426
1508998907.4210 0.0101 -0.0171 -0.0132 0.9997 320.0080 -24.2574 2.5638
1508998907.8403 0.0078 -0.0177 -0.0134 0.9997 321.7088 -24.3747 2.5830
1508998908.2597 0.0095 -0.0183 -0.0127 0.9997 323.4781 -24.5112 2.6321
1508998908.4693 0.0088 -0.0176 -0.0124 0.9997 324.3201 -24.5808 2.6563
1508998908.8887 0.0095 -0.0164 -0.0124 0.9997 326.0478 -24.6974 2.6875
1508998909.3081 0.0100 -0.0201 -0.0128 0.9997 327.7832 -24.8254 2.7158
1508998909.5178 0.0080 -0.0204 -0.0130 0.9997 328.6302 -24.8931 2.7472
1508998909.7275 0.0080 -0.0214 -0.0128 0.9997 329.5253 -24.9413 2.7494
1508998910.1469 0.0112 -0.0236 -0.0130 0.9996 331.2537 -25.0696 2.8014
1508998910.5663 0.0088 -0.0229 -0.0124 0.9996 333.0409 -25.1958 2.8559
1508998910.9857 0.0087 -0.0231 -0.0114 0.9996 334.8098 -25.3407 2.9087
1508998911.1953 0.0094 -0.0229 -0.0123 0.9996 335.7620 -25.3970 2.9486
1508998911.6146 0.0087 -0.0228 -0.0125 0.9996 337.5215 -25.5340 2.9814
1508998911.8243 0.0077 -0.0220 -0.0119 0.9997 338.4266 -25.6005 3.0300
1508998912.2437 0.0075 -0.0218 -0.0116 0.9997 340.2289 -25.7304 3.0523
1508998912.4534 0.0068 -0.0227 -0.0117 0.9997 341.1573 -25.7957 3.0650
1508998912.8727 0.0054 -0.0220 -0.0109 0.9997 342.9156 -25.9104 3.1454
1508998913.0824 0.0036 -0.0238 -0.0116 0.9996 343.8197 -25.9941 3.1311
1508998913.5017 0.0059 -0.0222 -0.0109 0.9997 345.5779 -26.0976 3.2322
1508998913.9211 0.0067 -0.0235 -0.0098 0.9997 347.3326 -26.2301 3.2765
1508998914.1308 0.0083 -0.0218 -0.0101 0.9997 348.1687 -26.2792 3.3006
1508998914.5503 0.0073 -0.0235 -0.0099 0.9996 349.8888 -26.3928 3.3285
1508998914.9696 0.0075 -0.0233 -0.0097 0.9997 351.5630 -26.5117 3.3724
1508998915.3891 0.0064 -0.0224 -0.0090 0.9997 353.1656 -26.6268 3.4589
1508998915.8083 0.0084 -0.0236 -0.0093 0.9996 354.7570 -26.7274 3.4948
1508998916.2277 0.0070 -0.0212 -0.0083 0.9997 356.3212 -26.8258 3.5496
1508998916.4374 0.0075 -0.0225 -0.0096 0.9997 357.0631 -26.8834 3.5833
1508998916.6471 0.0087 -0.0219 -0.0091 0.9997 357.8116 -26.9437 3.6026
1508998916.8567 0.0075 -0.0230 -0.0098 0.9997 358.5366 -26.9687 3.5901
1508998917.2762 0.0090 -0.0221 -0.0102 0.9997 360.0182 -27.0745 3.6556
1508998917.6954 0.0077 -0.0228 -0.0098 0.9997 361.4884 -27.1774 3.6636
1508998917.9052 0.0081 -0.0227 -0.0101 0.9997 362.2392 -27.2418 3.7210
1508998918.1148 0.0081 -0.0213 -0.0095 0.9997 362.9630 -27.2951 3.7594
1508998918.5342 0.0090 -0.0216 -0.0102 0.9997 364.4552 -27.3763 3.7855
1508998918.9535 0.0104 -0.0214 -0.0100 0.9997 365.9741 -27.4786 3.8175
1508998919.3731 0.0095 -0.0211 -0.0099 0.9997 367.4540 -27.5836 3.8433
1508998919.5826 0.0094 -0.0205 -0.0094 0.9997 368.1648 -27.6358 3.8943
1508998919.7923 0.0094 -0.0205 -0.0095 0.9997 368.8989 -27.6813 3.9021
1508998920.2116 0.0083 -0.0202 -0.0092 0.9997 370.3066 -27.7803 3.9349
1508998920.6311 0.0107 -0.0211 -0.0085 0.9997 371.6443 -27.8442 3.9777
1508998920.8406 0.0111 -0.0264 -0.0070 0.9996 372.3269 -27.8997 3.9871
1508998921.0504 0.0096 -0.0236 -0.0051 0.9997 372.9884 -27.9550 4.0020
1508998921.4697 0.0104 -0.0255 -0.0019 0.9996 374.2779 -28.0170 4.0432
1508998921.8892 0.0128 -0.0192 0.0034 0.9997 375.4946 -28.0698 4.1523
1508998922.0987 0.0100 -0.0256 0.0060 0.9996 376.0962 -28.1052 4.1427
1508998922.3085 0.0091 -0.0261 0.0104 0.9996 376.6997 -28.1100 4.1594
1508998922.5181 0.0104 -0.0224 0.0145 0.9996 377.2700 -28.1473 4.1921
1508998922.7278 0.0102 -0.0234 0.0195 0.9995 377.8527 -28.1537 4.2081
1508998922.9375 0.0088 -0.0244 0.0230 0.9994 378.3987 -28.1422 4.2111
1508998923.1472 0.0071 -0.0249 0.0286 0.9993 378.9798 -28.1429 4.2460
1508998923.3569 0.0070 -0.0251 0.0341 0.9991 379.5283 -28.1491 4.2649
1508998923.5666 0.0069 -0.0263 0.0401 0.9988 380.0715 -28.1334 4.2842
1508998923.7763 0.0051 -0.0270 0.0440 0.9987 380.6245 -28.1182 4.3096
1508998923.9860 0.0041 -0.0268 0.0486 0.9985 381.1227 -28.0927 4.3364
1508998924.4053 0.0007 -0.0269 0.0575 0.9980 382.1448 -28.0452 4.3707
1508998924.6150 0.0003 -0.0279 0.0629 0.9976 382.6537 -27.9970 4.3962
1508998925.0344 0.0008 -0.0274 0.0758 0.9967 383.5938 -27.9015 4.4196
1508998925.2440 -0.0004 -0.0278 0.0828 0.9962 384.0672 -27.8429 4.4527
1508998925.4537 -0.0010 -0.0283 0.0910 0.9954 384.5444 -27.7888 4.4841
1508998925.6634 -0.0027 -0.0294 0.0987 0.9947 385.0092 -27.7457 4.5004
1508998925.8731 -0.0023 -0.0300 0.1071 0.9938 385.4600 -27.6758 4.5339
1508998926.0828 -0.0023 -0.0297 0.1152 0.9929 385.8913 -27.5924 4.5641
1508998926.2925 -0.0028 -0.0297 0.1242 0.9918 386.3344 -27.4976 4.5839
1508998926.5021 -0.0035 -0.0310 0.1335 0.9906 386.7805 -27.4235 4.6118
1508998926.7119 -0.0041 -0.0309 0.1432 0.9892 387.2161 -27.3216 4.6299
1508998926.9214 -0.0036 -0.0312 0.1533 0.9877 387.6392 -27.2022 4.6513
1508998927.1312 -0.0042 -0.0308 0.1641 0.9860 388.0820 -27.0737 4.6860
1508998927.3408 -0.0044 -0.0313 0.1750 0.9841 388.5154 -26.9453 4.7077
1508998927.5506 -0.0044 -0.0312 0.1858 0.9821 388.9311 -26.8112 4.7463
1508998927.7603 -0.0059 -0.0321 0.1977 0.9797 389.3859 -26.6608 4.7780
1508998927.9699 -0.0067 -0.0327 0.2096 0.9772 389.7917 -26.5126 4.8092
1508998928.1796 -0.0064 -0.0335 0.2214 0.9746 390.1884 -26.3574 4.8258
1508998928.3892 -0.0071 -0.0353 0.2335 0.9717 390.6140 -26.1854 4.8397
1508998928.5989 -0.0076 -0.0369 0.2458 0.9686 390.9984 -26.0025 4.8577
1508998928.8086 -0.0086 -0.0374 0.2576 0.9655 391.3854 -25.8062 4.8924
1508998929.0183 -0.0092 -0.0383 0.2698 0.9621 391.7497 -25.6126 4.9033
1508998929.2281 -0.0110 -0.0399 0.2823 0.9584 392.1415 -25.4075 4.9431
1508998929.4376 -0.0109 -0.0402 0.2947 0.9547 392.5001 -25.1750 4.9631
1508998929.6474 -0.0118 -0.0404 0.3071 0.9508 392.8748 -24.9531 4.9949
1508998929.8570 -0.0122 -0.0397 0.3208 0.9462 393.2574 -24.6966 5.0206
1508998930.0667 -0.0118 -0.0406 0.3338 0.9417 393.6424 -24.4341 5.0186
1508998930.2764 -0.0107 -0.0402 0.3472 0.9369 394.0167 -24.1629 5.0646
1508998930.4861 -0.0110 -0.0394 0.3600 0.9321 394.3628 -23.8561 5.1111
1508998930.6958 -0.0109 -0.0396 0.3701 0.9281 394.7199 -23.5674 5.1462
1508998930.9055 -0.0111 -0.0392 0.3822 0.9232 395.0695 -23.2778 5.1701
1508998931.1152 -0.0108 -0.0402 0.3934 0.9184 395.4172 -22.9521 5.1947
1508998931.3248 -0.0102 -0.0418 0.4049 0.9133 395.7346 -22.6418 5.2214
1508998931.5346 -0.0096 -0.0420 0.4168 0.9080 396.0797 -22.3096 5.2392
1508998931.7442 -0.0085 -0.0400 0.4290 0.9024 396.3875 -21.9820 5.2704
1508998931.9539 -0.0075 -0.0403 0.4401 0.8970 396.6617 -21.6471 5.2872
1508998932.1635 -0.0068 -0.0398 0.4519 0.8911 396.9476 -21.2949 5.3236
1508998932.3732 -0.0074 -0.0391 0.4640 0.8849 397.2322 -20.9627 5.3703
1508998932.5830 -0.0080 -0.0402 0.4747 0.8792 397.5405 -20.5987 5.3896
1508998932.7926 -0.0090 -0.0412 0.4863 0.8727 397.7800 -20.2325 5.4040
1508998933.0023 -0.0083 -0.0404 0.4975 0.8665 398.0190 -19.8732 5.4328
1508998933.2121 -0.0079 -0.0408 0.5078 0.8605 398.2705 -19.5004 5.4569
1508998933.4217 -0.0072 -0.0417 0.5167 0.8551 398.4909 -19.1158 5.4849
1508998933.6313 -0.0062 -0.0414 0.5267 0.8490 398.7210 -18.7184 5.5118
1508998933.8410 -0.0060 -0.0417 0.5358 0.8433 398.9420 -18.3152 5.5330
1508998934.0507 -0.0073 -0.0420 0.5450 0.8373 399.1474 -17.9339 5.5810
1508998934.2604 -0.0074 -0.0425 0.5543 0.8312 399.3475 -17.5093 5.6013
1508998934.4701 -0.0076 -0.0427 0.5635 0.8250 399.5448 -17.1112 5.6221
1508998934.6797 -0.0073 -0.0420 0.5728 0.8186 399.7352 -16.7090 5.6535
1508998934.8895 -0.0065 -0.0419 0.5820 0.8121 399.8931 -16.2888 5.6675
1508998935.0991 -0.0054 -0.0416 0.5908 0.8058 400.0693 -15.8536 5.6878
1508998935.3088 -0.0057 -0.0407 0.5992 0.7995 400.2134 -15.4286 5.7104
1508998935.5184 -0.0060 -0.0417 0.6066 0.7939 400.3520 -15.0071 5.7463
1508998935.7281 -0.0052 -0.0416 0.6139 0.7883 400.4970 -14.5576 5.7616
1508998935.9377 -0.0050 -0.0421 0.6206 0.7830 400.6089 -14.1417 5.7864
1508998936.1475 -0.0033 -0.0407 0.6286 0.7766 400.7625 -13.6923 5.8084
1508998936.3572 -0.0020 -0.0385 0.6359 0.7708 400.8720 -13.2449 5.8340
1508998936.5668 -0.0017 -0.0374 0.6431 0.7649 400.9742 -12.7893 5.8695
1508998936.7767 -0.0030 -0.0382 0.6497 0.7592 401.0796 -12.3444 5.8834
1508998936.9862 -0.0014 -0.0397 0.6565 0.7533 401.1646 -11.8867 5.8986
1508998937.1960 -0.0026 -0.0388 0.6635 0.7472 401.2470 -11.4207 5.9414
1508998937.4057 -0.0020 -0.0393 0.6688 0.7424 401.3234 -10.9602 5.9627
1508998937.6153 -0.0016 -0.0396 0.6740 0.7377 401.3970 -10.5073 5.9833
1508998937.8250 -0.0009 -0.0391 0.6795 0.7326 401.4560 -10.0350 5.9916
1508998938.0347 -0.0011 -0.0390 0.6848 0.7276 401.5208 -9.5590 6.0300
1508998938.2444 -0.0014 -0.0398 0.6894 0.7233 401.5615 -9.0675 6.0455
1508998938.4540 -0.0015 -0.0392 0.6942 0.7188 401.6107 -8.5919 6.0737
1508998938.6637 -0.0011 -0.0396 0.6983 0.7147 401.6442 -8.1239 6.0871
1508998938.8734 -0.0021 -0.0401 0.7023 0.7107 401.6819 -7.6250 6.1137
1508998939.0831 -0.0037 -0.0416 0.7063 0.7067 401.7290 -7.1420 6.1230
1508998939.2928 -0.0026 -0.0406 0.7091 0.7040 401.7395 -6.6767 6.1613
1508998939.5025 0.0004 -0.0455 0.7114 0.7013 401.7609 -6.1846 6.1982
1508998939.7122 -0.0050 -0.0419 0.7151 0.6978 401.7740 -5.7036 6.2314
1508998939.9219 -0.0051 -0.0408 0.7184 0.6944 401.7790 -5.2089 6.2359
1508998940.1316 -0.0026 -0.0426 0.7212 0.6914 401.7911 -4.7297 6.2513
1508998940.3412 -0.0037 -0.0433 0.7233 0.6891 401.7698 -4.2391 6.2765
1508998940.5508 -0.0051 -0.0445 0.7254 0.6869 401.7880 -3.7426 6.3078
1508998940.7606 -0.0074 -0.0428 0.7274 0.6848 401.7863 -3.2632 6.3411
1508998940.9703 -0.0034 -0.0451 0.7292 0.6828 401.7749 -2.7860 6.3514
1508998941.1799 -0.0014 -0.0488 0.7309 0.6808 401.7511 -2.2704 6.3498
1508998941.3896 -0.0056 -0.0446 0.7338 0.6779 401.7507 -1.8149 6.4025
1508998941.5992 -0.0048 -0.0459 0.7361 0.6753 401.7286 -1.3103 6.4210
1508998941.8089 -0.0040 -0.0474 0.7375 0.6737 401.7040 -0.8185 6.4467
1508998942.0187 -0.0039 -0.0471 0.7393 0.6717 401.6841 -0.3230 6.4669
1508998942.2283 -0.0038 -0.0481 0.7409 0.6699 401.6610 0.1474 6.4934
1508998942.4380 -0.0032 -0.0470 0.7427 0.6680 401.6425 0.6316 6.5168
1508998942.6477 -0.0030 -0.0470 0.7441 0.6663 401.6252 1.1141 6.5466
1508998942.8574 -0.0031 -0.0465 0.7453 0.6651 401.5884 1.5945 6.5734
1508998943.0671 -0.0025 -0.0467 0.7464 0.6638 401.5499 2.0872 6.5889
1508998943.2767 -0.0020 -0.0466 0.7489 0.6610 401.5303 2.5416 6.6018
1508998943.4863 -0.0017 -0.0458 0.7496 0.6604 401.4862 3.0283 6.6417
1508998943.6962 -0.0024 -0.0452 0.7509 0.6588 401.4322 3.5030 6.6646
1508998943.9059 -0.0012 -0.0446 0.7513 0.6584 401.4069 3.9927 6.6920
1508998944.1155 -0.0011 -0.0451 0.7518 0.6579 401.3674 4.4663 6.7094
1508998944.3252 -0.0020 -0.0452 0.7526 0.6570 401.3176 4.9302 6.7359
1508998944.5349 -0.0018 -0.0442 0.7539 0.6555 401.2667 5.4101 6.7760
1508998944.7445 -0.0002 -0.0449 0.7545 0.6548 401.2388 5.8799 6.7710
1508998944.9542 -0.0012 -0.0453 0.7550 0.6542 401.1878 6.3442 6.8092
1508998945.1639 -0.0015 -0.0436 0.7554 0.6538 401.1474 6.8123 6.8500
1508998945.3736 -0.0017 -0.0439 0.7561 0.6530 401.1046 7.2764 6.8624
1508998945.5833 -0.0013 -0.0450 0.7560 0.6530 401.0577 7.7364 6.8904
1508998945.7929 -0.0013 -0.0447 0.7563 0.6527 401.0130 8.2184 6.9037
1508998946.2123 -0.0013 -0.0431 0.7560 0.6531 400.9158 9.1489 6.9557
1508998946.6317 -0.0006 -0.0441 0.7561 0.6530 400.8035 10.0828 6.9922
1508998946.8414 -0.0016 -0.0438 0.7562 0.6529 400.7813 10.5537 7.0233
1508998947.0511 -0.0023 -0.0434 0.7563 0.6528 400.7390 11.0216 7.0595
1508998947.2608 -0.0000 -0.0435 0.7565 0.6525 400.7010 11.4864 7.0683
1508998947.4705 0.0003 -0.0435 0.7567 0.6523 400.6538 11.9491 7.1013
1508998947.6801 -0.0002 -0.0447 0.7562 0.6528 400.5979 12.4191 7.1192
1508998947.8898 -0.0004 -0.0450 0.7562 0.6528 400.5506 12.8745 7.1373
1508998948.0994 -0.0013 -0.0444 0.7557 0.6534 400.5032 13.3416 7.1731
1508998948.3092 -0.0015 -0.0443 0.7558 0.6533 400.4666 13.8148 7.1976
1508998948.5188 -0.0018 -0.0425 0.7555 0.6537 400.4125 14.2768 7.2158
1508998948.7285 -0.0011 -0.0424 0.7555 0.6538 400.3712 14.7626 7.2424
1508998948.9382 -0.0019 -0.0432 0.7552 0.6540 400.3298 15.2314 7.2628
1508998949.1478 -0.0036 -0.0431 0.7554 0.6538 400.2946 15.6909 7.3085
1508998949.3576 -0.0033 -0.0436 0.7548 0.6545 400.2349 16.1481 7.3126
1508998949.5672 -0.0028 -0.0436 0.7551 0.6542 400.1914 16.6119 7.3363
1508998949.7770 -0.0019 -0.0441 0.7546 0.6547 400.1449 17.0939 7.3581
1508998949.9866 -0.0029 -0.0444 0.7550 0.6543 400.1088 17.5660 7.3789
1508998950.4061 -0.0021 -0.0442 0.7543 0.6550 400.0125 18.5058 7.4148
1508998950.6156 -0.0017 -0.0455 0.7539 0.6554 399.9732 18.9881 7.4444
1508998950.8255 -0.0015 -0.0449 0.7541 0.6552 399.9206 19.4517 7.4638
1508998951.0351 -0.0027 -0.0450 0.7546 0.6546 399.8998 19.9453 7.4923
1508998951.2448 -0.0029 -0.0450 0.7537 0.6557 399.8324 20.3850 7.5148
1508998951.4545 -0.0020 -0.0453 0.7542 0.6551 399.8026 20.8704 7.5244
1508998951.6640 -0.0021 -0.0455 0.7540 0.6553 399.7541 21.3612 7.5615
1508998951.8738 -0.0026 -0.0452 0.7546 0.6546 399.7178 21.8005 7.5836
1508998952.0835 -0.0024 -0.0450 0.7544 0.6548 399.6639 22.2850 7.6089
1508998952.2931 -0.0019 -0.0460 0.7535 0.6558 399.6250 22.7681 7.6255
1508998952.7125 -0.0021 -0.0472 0.7536 0.6556 399.5409 23.7205 7.6738
1508998952.9221 -0.0020 -0.0472 0.7544 0.6547 399.4882 24.1983 7.7047
1508998953.1319 -0.0018 -0.0454 0.7540 0.6553 399.4478 24.6550 7.7210
1508998953.3416 -0.0014 -0.0463 0.7544 0.6548 399.4031 25.1250 7.7338
1508998953.5512 -0.0021 -0.0465 0.7550 0.6541 399.3694 25.6144 7.7783
1508998953.9708 -0.0027 -0.0467 0.7549 0.6542 399.2688 26.5533 7.8163
1508998954.1803 -0.0034 -0.0472 0.7559 0.6530 399.2421 27.0056 7.8434
1508998954.3900 -0.0039 -0.0481 0.7559 0.6529 399.1861 27.4943 7.8646
1508998954.8093 -0.0027 -0.0480 0.7569 0.6518 399.0864 28.4287 7.9100
1508998955.0190 -0.0042 -0.0478 0.7568 0.6518 399.0403 28.8979 7.9388
1508998955.4384 -0.0054 -0.0479 0.7573 0.6513 398.9327 29.8152 7.9979
1508998955.6480 -0.0051 -0.0480 0.7580 0.6504 398.8906 30.3032 8.0200
1508998955.8577 -0.0044 -0.0486 0.7583 0.6501 398.8347 30.7851 8.0337
1508998956.2771 -0.0037 -0.0492 0.7594 0.6488 398.7469 31.7224 8.0783
1508998956.4868 -0.0035 -0.0493 0.7596 0.6486 398.6953 32.1970 8.1089
1508998956.6965 -0.0026 -0.0496 0.7605 0.6475 398.6343 32.6525 8.1291
1508998957.1158 -0.0007 -0.0497 0.7621 0.6455 398.5379 33.5860 8.1841
1508998957.3255 -0.0001 -0.0479 0.7622 0.6456 398.4675 34.0401 8.2151
1508998957.7449 0.0005 -0.0491 0.7631 0.6444 398.3578 34.9680 8.2586
1508998957.9545 0.0006 -0.0491 0.7632 0.6443 398.2896 35.4270 8.2827
1508998958.3739 -0.0002 -0.0481 0.7645 0.6428 398.2060 36.3188 8.3293
1508998958.5836 0.0004 -0.0478 0.7656 0.6415 398.1414 36.7364 8.3565
1508998959.0032 0.0004 -0.0466 0.7666 0.6404 398.0326 37.6352 8.4103
1508998959.2127 0.0008 -0.0467 0.7673 0.6396 397.9678 38.0609 8.4384
1508998959.4223 0.0012 -0.0466 0.7680 0.6388 397.9166 38.4949 8.4697
1508998959.8417 0.0018 -0.0471 0.7693 0.6371 397.7763 39.3693 8.4990
1508998960.0514 0.0008 -0.0476 0.7701 0.6362 397.7223 39.7839 8.5396
1508998960.4708 0.0006 -0.0478 0.7716 0.6343 397.5847 40.6523 8.5875
1508998960.6804 0.0007 -0.0481 0.7726 0.6331 397.5287 41.0738 8.6057
1508998961.0998 0.0013 -0.0478 0.7738 0.6317 397.4102 41.9116 8.6428
1508998961.5192 0.0011 -0.0471 0.7748 0.6305 397.2775 42.7303 8.6965
1508998961.7288 0.0007 -0.0479 0.7755 0.6295 397.2223 43.1418 8.7367
1508998962.1482 0.0015 -0.0472 0.7761 0.6288 397.0734 43.9468 8.7632
1508998962.3580 0.0008 -0.0472 0.7770 0.6278 397.0177 44.3688 8.8035
1508998962.7772 0.0010 -0.0473 0.7778 0.6268 396.8873 45.1693 8.8356
1508998963.1966 0.0002 -0.0468 0.7782 0.6262 396.7368 45.9661 8.8751
1508998963.6161 0.0003 -0.0469 0.7792 0.6250 396.6053 46.7740 8.9345
1508998963.8257 0.0001 -0.0463 0.7787 0.6256 396.5443 47.1263 8.9515
1508998964.2450 0.0007 -0.0468 0.7797 0.6244 396.4081 47.9361 8.9872
1508998964.6646 0.0014 -0.0474 0.7804 0.6235 396.2753 48.7266 9.0311
1508998965.0838 0.0016 -0.0479 0.7807 0.6230 396.1216 49.5261 9.0793
1508998965.2935 0.0014 -0.0491 0.7810 0.6225 396.0507 49.9267 9.0886
1508998965.5033 0.0012 -0.0492 0.7814 0.6221 395.9858 50.3351 9.1190
1508998965.7128 0.0017 -0.0495 0.7812 0.6222 395.9152 50.7471 9.1425
1508998966.1322 0.0014 -0.0496 0.7812 0.6223 395.7463 51.5815 9.1905
1508998966.5516 0.0026 -0.0496 0.7814 0.6221 395.5772 52.4652 9.2275
1508998966.9710 0.0027 -0.0500 0.7815 0.6219 395.4325 53.3253 9.2846
1508998967.1806 0.0026 -0.0506 0.7818 0.6214 395.3710 53.7469 9.2988
1508998967.3903 0.0032 -0.0501 0.7818 0.6215 395.2910 54.1605 9.3292
1508998967.8097 0.0043 -0.0501 0.7814 0.6220 395.1103 55.0236 9.3824
1508998968.2291 0.0045 -0.0500 0.7812 0.6222 394.9614 55.8740 9.4265
1508998968.4386 0.0045 -0.0496 0.7812 0.6223 394.8734 56.2975 9.4457
1508998968.8580 0.0043 -0.0497 0.7813 0.6222 394.7239 57.1684 9.4997
1508998969.2774 0.0034 -0.0478 0.7811 0.6226 394.5857 57.9781 9.5793
1508998969.4871 0.0037 -0.0486 0.7818 0.6216 394.5208 58.3916 9.5993
1508998969.9064 0.0037 -0.0494 0.7817 0.6217 394.3570 59.2130 9.6448
1508998970.1160 0.0040 -0.0484 0.7813 0.6223 394.2938 59.6184 9.6637
1508998970.3258 0.0039 -0.0489 0.7817 0.6218 394.2206 60.0384 9.6923
1508998970.7452 0.0042 -0.0487 0.7819 0.6215 394.0518 60.8878 9.7340
1508998971.1646 0.0037 -0.0492 0.7820 0.6213 393.8993 61.7485 9.7890
1508998971.5839 0.0029 -0.0501 0.7823 0.6209 393.7427 62.6174 9.8466
1508998971.7936 0.0025 -0.0504 0.7823 0.6209 393.6698 63.0337 9.8803
1508998972.2130 0.0027 -0.0503 0.7824 0.6208 393.5044 63.9024 9.9250
1508998972.6324 0.0025 -0.0490 0.7837 0.6192 393.3429 64.8046 9.9698
1508998973.0517 0.0033 -0.0488 0.7842 0.6185 393.1717 65.7040 10.0266
1508998973.4712 0.0033 -0.0480 0.7848 0.6178 393.0065 66.5880 10.0983
1508998973.8905 0.0032 -0.0492 0.7850 0.6175 392.8060 67.4955 10.1315
1508998974.1001 0.0047 -0.0489 0.7851 0.6174 392.7350 67.9571 10.1693
1508998974.5195 0.0053 -0.0477 0.7861 0.6163 392.5517 68.8507 10.2204
1508998974.7292 0.0051 -0.0486 0.7863 0.6159 392.4679 69.3007 10.2499
1508998975.1486 0.0062 -0.0480 0.7878 0.6140 392.2937 70.1897 10.3085
1508998975.3582 0.0071 -0.0484 0.7884 0.6132 392.2063 70.6344 10.3185
1508998975.7776 0.0070 -0.0475 0.7890 0.6125 392.0329 71.4967 10.3866
1508998975.9873 0.0064 -0.0498 0.7892 0.6120 391.9504 71.9324 10.4164
1508998976.4067 0.0065 -0.0485 0.7915 0.6092 391.7531 72.7579 10.4581
1508998976.8260 0.0063 -0.0479 0.7921 0.6085 391.5766 73.6108 10.5152
1508998977.0356 0.0065 -0.0489 0.7924 0.6080 391.4810 74.0322 10.5240
1508998977.4551 0.0060 -0.0481 0.7934 0.6068 391.3030 74.8696 10.5926
1508998977.6648 0.0060 -0.0485 0.7939 0.6061 391.2142 75.2967 10.6193
1508998977.8744 0.0057 -0.0492 0.7939 0.6061 391.1117 75.7250 10.6365
1508998978.2938 0.0057 -0.0497 0.7946 0.6050 390.9208 76.5689 10.6817
1508998978.5035 0.0064 -0.0490 0.7954 0.6041 390.8207 76.9947 10.7077
1508998978.9228 0.0067 -0.0495 0.7962 0.6030 390.6340 77.8334 10.7552
1508998979.1326 0.0068 -0.0499 0.7964 0.6027 390.5375 78.2475 10.7749
1508998979.5519 0.0064 -0.0507 0.7969 0.6019 390.3367 79.1149 10.8360
1508998979.9713 0.0064 -0.0512 0.7971 0.6016 390.1400 79.9589 10.8889
1508998980.1810 0.0063 -0.0506 0.7976 0.6010 390.0395 80.3821 10.9268
1508998980.6003 0.0065 -0.0500 0.7975 0.6013 389.8463 81.2103 10.9783
1508998980.8100 0.0063 -0.0504 0.7982 0.6003 389.7401 81.6339 11.0184
1508998981.0197 0.0060 -0.0507 0.7980 0.6005 389.6603 82.0455 11.0465
1508998981.4390 0.0068 -0.0501 0.7982 0.6003 389.4482 82.8563 11.0791
1508998981.6488 0.0062 -0.0508 0.7984 0.5999 389.3596 83.2847 11.1087
1508998981.8584 0.0053 -0.0509 0.7985 0.5998 389.2534 83.6714 11.1492
1508998982.2777 0.0049 -0.0521 0.7993 0.5986 389.0688 84.4904 11.1877
1508998982.6972 0.0049 -0.0506 0.8000 0.5978 388.8594 85.3034 11.2476
1508998983.1164 0.0058 -0.0514 0.8002 0.5975 388.6456 86.1688 11.2918
1508998983.5359 0.0050 -0.0518 0.8008 0.5967 388.4171 87.1246 11.3619
1508998983.7456 0.0048 -0.0522 0.8007 0.5968 388.2786 87.5978 11.3907
1508998984.1649 0.0049 -0.0519 0.8025 0.5943 388.0435 88.6050 11.4377
1508998984.3746 0.0043 -0.0522 0.8029 0.5938 387.9155 89.1146 11.4826
1508998984.7939 0.0049 -0.0519 0.8032 0.5934 387.6449 90.1663 11.5426
1508998985.2134 0.0042 -0.0514 0.8027 0.5941 387.3689 91.2205 11.6104
1508998985.4230 0.0049 -0.0512 0.8033 0.5933 387.2474 91.7481 11.6546
1508998985.6327 0.0058 -0.0513 0.8038 0.5927 387.1127 92.2857 11.6713
1508998986.0521 0.0056 -0.0526 0.8033 0.5932 386.8160 93.3479 11.7307
1508998986.4714 0.0061 -0.0509 0.8042 0.5921 386.5607 94.4392 11.8205
1508998986.8908 0.0068 -0.0515 0.8044 0.5918 386.2745 95.5316 11.8839
1508998987.3101 0.0063 -0.0514 0.8050 0.5911 385.9643 96.6059 11.9542
1508998987.5199 0.0070 -0.0518 0.8057 0.5900 385.8312 97.1861 11.9948
1508998987.9392 0.0070 -0.0507 0.8059 0.5898 385.5155 98.2783 12.0628
1508998988.3586 0.0073 -0.0504 0.8070 0.5883 385.2345 99.3942 12.1406
1508998988.5683 0.0070 -0.0499 0.8075 0.5876 385.0875 99.9425 12.1681
1508998988.7779 0.0076 -0.0496 0.8076 0.5875 384.9433 100.4813 12.2078
1508998989.1973 0.0084 -0.0485 0.8084 0.5866 384.6187 101.6352 12.2774
1508998989.4070 0.0074 -0.0481 0.8089 0.5860 384.4643 102.1994 12.3202
1508998989.8264 0.0076 -0.0484 0.8098 0.5847 384.1309 103.4089 12.3829
1508998990.2457 0.0085 -0.0480 0.8099 0.5845 383.7829 104.6529 12.4545
1508998990.6651 0.0089 -0.0492 0.8096 0.5848 383.3975 105.9867 12.5261
1508998990.8749 0.0078 -0.0478 0.8103 0.5840 383.2222 106.6795 12.6013
1508998991.0844 0.0092 -0.0470 0.8103 0.5840 383.0168 107.3696 12.6275
1508998991.5037 0.0079 -0.0463 0.8108 0.5835 382.6035 108.8626 12.7021
1508998991.7135 0.0087 -0.0472 0.8116 0.5822 382.3835 109.6150 12.7653
1508998992.1328 0.0090 -0.0475 0.8125 0.5809 381.9449 111.1529 12.8538
1508998992.5522 0.0093 -0.0490 0.8135 0.5794 381.4905 112.7694 12.9560
1508998992.7619 0.0096 -0.0503 0.8140 0.5786 381.2249 113.6023 12.9938
1508998993.1813 0.0087 -0.0503 0.8158 0.5761 380.7555 115.3045 13.1024
1508998993.3910 0.0093 -0.0516 0.8167 0.5747 380.4861 116.1659 13.1692
1508998993.6007 0.0100 -0.0503 0.8177 0.5734 380.2115 117.0423 13.2355
1508998994.0201 0.0094 -0.0517 0.8194 0.5709 379.6464 118.8097 13.3514
1508998994.2297 0.0094 -0.0540 0.8195 0.5705 379.3531 119.7457 13.4166
1508998994.6491 0.0090 -0.0558 0.8201 0.5694 378.7782 121.6137 13.5589
1508998995.0684 0.0080 -0.0576 0.8214 0.5674 378.1690 123.5048 13.7022
1508998995.2781 0.0081 -0.0574 0.8214 0.5674 377.8497 124.4491 13.7645
1508998995.6975 0.0085 -0.0550 0.8225 0.5661 377.2241 126.3335 13.9232
1508998996.1168 0.0077 -0.0554 0.8237 0.5642 376.6116 128.2097 14.0458
1508998996.5362 0.0066 -0.0546 0.8250 0.5625 375.9627 130.1022 14.1721
1508998996.7459 0.0055 -0.0543 0.8265 0.5603 375.6400 131.0681 14.2536
1508998996.9555 0.0054 -0.0542 0.8278 0.5584 375.3246 132.0155 14.3045
1508998997.1653 0.0060 -0.0529 0.8290 0.5567 374.9907 132.9652 14.3828
1508998997.3749 0.0062 -0.0531 0.8294 0.5560 374.6463 133.9393 14.4339
1508998997.7944 0.0081 -0.0531 0.8314 0.5531 373.9516 135.8797 14.5561
1508998998.2137 0.0076 -0.0507 0.8335 0.5501 373.2423 137.8143 14.6916
1508998998.4234 0.0071 -0.0500 0.8347 0.5484 372.8941 138.7562 14.7611
1508998998.6330 0.0092 -0.0523 0.8357 0.5466 372.5153 139.7458 14.8045
1508998998.8427 0.0094 -0.0534 0.8357 0.5464 372.1425 140.7074 14.8550
1508998999.0524 0.0067 -0.0536 0.8361 0.5460 371.7681 141.6998 14.9297
1508998999.4719 0.0080 -0.0528 0.8369 0.5447 371.0291 143.6543 15.0720
1508998999.6815 0.0045 -0.0547 0.8374 0.5439 370.6335 144.6115 15.1432
1508998999.8911 0.0022 -0.0548 0.8372 0.5442 370.2738 145.5895 15.1958
1508999000.1008 0.0029 -0.0492 0.8380 0.5434 369.8968 146.5595 15.2753
1508999000.5202 0.0077 -0.0601 0.8386 0.5414 369.1241 148.4831 15.3800
1508999000.7300 0.0100 -0.0571 0.8400 0.5395 368.7380 149.4525 15.4188
1508999000.9395 0.0105 -0.0549 0.8413 0.5377 368.3882 150.3936 15.5118
1508999001.3589 0.0090 -0.0578 0.8419 0.5365 367.6057 152.2417 15.6359
1508999001.5686 0.0076 -0.0543 0.8437 0.5340 367.2463 153.1580 15.7494
1508999001.9879 0.0076 -0.0541 0.8447 0.5325 366.4857 154.9325 15.8447
1508999002.4075 0.0063 -0.0552 0.8464 0.5296 365.7253 156.7294 15.9878
1508999002.6170 0.0076 -0.0544 0.8458 0.5306 365.3689 157.5854 16.0326
1508999002.8267 0.0066 -0.0550 0.8463 0.5298 364.9936 158.4718 16.1059
1508999003.2461 0.0076 -0.0547 0.8466 0.5294 364.2425 160.1660 16.2056
1508999003.6654 0.0079 -0.0574 0.8473 0.5279 363.5038 161.9022 16.3174
1508999003.8751 0.0071 -0.0566 0.8484 0.5263 363.1744 162.7190 16.3965
1508999004.0848 0.0074 -0.0557 0.8487 0.5259 362.7883 163.5509 16.4457
1508999004.5041 0.0066 -0.0552 0.8497 0.5244 362.0543 165.1992 16.5666
1508999004.9235 0.0067 -0.0549 0.8514 0.5217 361.3491 166.8188 16.6856
1508999005.3430 0.0064 -0.0560 0.8519 0.5206 360.6185 168.3832 16.7821
1508999005.5526 0.0068 -0.0559 0.8533 0.5184 360.2603 169.1916 16.8403
1508999005.7623 0.0064 -0.0560 0.8537 0.5177 359.8909 169.9904 16.8943
1508999006.1816 0.0051 -0.0571 0.8550 0.5154 359.1757 171.5595 16.9973
1508999006.3913 0.0053 -0.0555 0.8555 0.5148 358.8139 172.3203 17.0547
1508999006.8108 0.0085 -0.0577 0.8562 0.5134 358.0595 173.9014 17.1643
1508999007.0204 0.0121 -0.0621 0.8557 0.5136 357.6777 174.6756 17.2121
1508999007.4397 0.0126 -0.0579 0.8573 0.5114 356.9579 176.2525 17.3179
1508999007.6494 0.0101 -0.0603 0.8572 0.5114 356.5474 177.0130 17.3965
