1513049646.316080093 -0.0009 -0.0000 0.0135 0.9999 0.1007 0.0061 0.0469
1513049646.420820951 0.0000 -0.0013 0.0127 0.9999 0.3991 -0.0152 0.0251
1513049646.525664091 0.0018 -0.0040 0.0091 0.9999 0.7804 -0.0189 -0.0146
1513049646.630552053 0.0022 -0.0048 0.0061 1.0000 1.2353 -0.0098 -0.0267
1513049646.735301018 0.0021 -0.0053 0.0031 1.0000 1.6873 -0.0148 -0.0543
1513049646.840260983 0.0002 -0.0048 -0.0019 1.0000 2.5017 0.0303 -0.1341
1513049646.944983006 -0.0003 -0.0035 -0.0006 1.0000 2.9661 0.0036 -0.1617
1513049647.049829960 0.0003 -0.0040 -0.0020 1.0000 3.4121 -0.0113 -0.1849
1513049647.154654026 0.0016 -0.0040 -0.0015 1.0000 3.8570 -0.0115 -0.1963
1513049647.259533882 0.0012 -0.0059 -0.0028 1.0000 4.3169 -0.0305 -0.2380
1513049647.364331961 0.0013 -0.0077 -0.0067 0.9999 4.7753 -0.0116 -0.2527
1513049647.469188929 0.0012 -0.0101 -0.0091 0.9999 5.2347 -0.0308 -0.2932
1513049647.574023008 0.0018 -0.0078 -0.0093 0.9999 5.6280 -0.0381 -0.2776
1513049647.678920031 0.0017 -0.0079 -0.0094 0.9999 6.0978 -0.0607 -0.2938
1513049647.783685923 0.0028 -0.0060 -0.0096 0.9999 6.4908 -0.0499 -0.2733
1513049647.888703108 0.0040 -0.0060 -0.0098 0.9999 6.9010 -0.0689 -0.2868
1513049647.993362904 0.0044 -0.0069 -0.0100 0.9999 7.3206 -0.1003 -0.3150
1513049648.098215103 0.0056 -0.0073 -0.0128 0.9999 7.6755 -0.1203 -0.3055
1513049648.203044891 0.0058 -0.0074 -0.0134 0.9999 8.0894 -0.1384 -0.3070
1513049648.307892084 0.0054 -0.0078 -0.0142 0.9999 8.4959 -0.1477 -0.3284
1513049648.412744045 0.0057 -0.0085 -0.0141 0.9998 8.8550 -0.1618 -0.3328
1513049648.517601013 0.0056 -0.0098 -0.0142 0.9998 9.2276 -0.1886 -0.3556
1513049648.622409105 0.0054 -0.0113 -0.0141 0.9998 9.5928 -0.2102 -0.3640
1513049648.727261066 0.0058 -0.0120 -0.0137 0.9998 9.9244 -0.2244 -0.3582
1513049648.832134008 0.0074 -0.0093 -0.0130 0.9998 10.2962 -0.2492 -0.3268
1513049648.936939955 0.0085 -0.0086 -0.0134 0.9998 10.6417 -0.2560 -0.3451
1513049649.041779041 0.0101 -0.0054 -0.0129 0.9999 10.9671 -0.2718 -0.3402
1513049649.146615028 0.0096 -0.0041 -0.0123 0.9999 11.3075 -0.3029 -0.3844
1513049649.251461029 0.0104 -0.0050 -0.0118 0.9999 11.7351 -0.3312 -0.3818
1513049649.356297970 0.0127 -0.0019 -0.0116 0.9999 12.0875 -0.3510 -0.3823
1513049649.461118937 0.0147 -0.0005 -0.0135 0.9998 12.4205 -0.3539 -0.3455
1513049649.565978050 0.0144 -0.0020 -0.0127 0.9998 12.7455 -0.3705 -0.3746
1513049649.670805931 0.0120 -0.0045 -0.0110 0.9999 13.0385 -0.4000 -0.3831
1513049649.775644064 0.0107 -0.0074 -0.0089 0.9999 13.3318 -0.4392 -0.3867
1513049649.880511999 0.0033 0.0010 -0.0057 1.0000 13.5611 -0.5038 -0.2825
1513049649.985321999 0.0031 -0.0007 -0.0056 1.0000 13.8467 -0.5272 -0.3256
1513049650.090162039 0.0036 -0.0010 -0.0047 1.0000 14.1250 -0.5622 -0.3490
1513049650.194998026 0.0023 -0.0034 -0.0033 1.0000 14.3811 -0.5781 -0.3866
1513049650.299937010 0.0028 -0.0101 -0.0054 0.9999 14.7240 -0.5704 -0.3476
1513049650.404681921 0.0024 -0.0111 -0.0049 0.9999 14.9730 -0.5978 -0.3710
1513049650.509541988 0.0045 -0.0090 -0.0087 0.9999 15.3060 -0.5537 -0.3388
1513049650.614336014 0.0051 -0.0089 -0.0106 0.9999 15.5807 -0.5407 -0.3586
1513049650.719207048 0.0053 -0.0086 -0.0112 0.9999 15.8662 -0.5562 -0.3719
1513049650.824094057 0.0057 -0.0085 -0.0145 0.9998 16.1806 -0.5664 -0.3931
1513049650.928875923 0.0038 -0.0081 -0.0144 0.9999 16.4542 -0.6097 -0.3628
1513049651.033742905 0.0036 -0.0095 -0.0153 0.9998 16.7193 -0.6246 -0.3933
1513049651.138549089 0.0037 -0.0104 -0.0163 0.9998 16.9991 -0.6535 -0.4174
1513049651.243434906 0.0050 -0.0101 -0.0170 0.9998 17.2276 -0.6366 -0.3943
1513049651.348222017 0.0048 -0.0105 -0.0179 0.9998 17.5146 -0.6531 -0.4254
1513049651.453061104 0.0060 -0.0088 -0.0193 0.9998 17.8241 -0.6365 -0.3993
1513049651.557897091 0.0068 -0.0077 -0.0211 0.9997 18.1187 -0.6707 -0.3640
1513049651.662741899 0.0068 -0.0080 -0.0223 0.9997 18.4169 -0.6793 -0.3958
1513049651.767561913 0.0066 -0.0088 -0.0238 0.9997 18.7235 -0.6836 -0.4401
1513049651.872422934 0.0057 -0.0093 -0.0257 0.9996 18.9544 -0.6990 -0.4240
1513049651.977262974 0.0061 -0.0080 -0.0264 0.9996 19.2119 -0.6974 -0.3633
1513049652.082103014 0.0060 -0.0083 -0.0272 0.9996 19.4992 -0.7428 -0.3838
1513049652.186928988 0.0058 -0.0089 -0.0283 0.9995 19.7902 -0.7747 -0.4092
1513049652.291790962 0.0068 -0.0074 -0.0278 0.9996 20.0410 -0.8456 -0.3774
1513049652.396615028 0.0072 -0.0078 -0.0280 0.9996 20.2809 -0.8269 -0.3681
1513049652.501455069 0.0074 -0.0080 -0.0286 0.9995 20.5686 -0.8496 -0.3868
1513049652.606281996 0.0077 -0.0084 -0.0288 0.9995 20.8555 -0.8660 -0.4064
1513049652.711215019 0.0070 -0.0079 -0.0276 0.9996 21.0685 -0.8772 -0.3860
1513049652.815982103 0.0075 -0.0082 -0.0260 0.9996 21.2979 -0.9186 -0.3855
1513049652.920836926 0.0074 -0.0089 -0.0251 0.9996 21.5714 -0.9498 -0.4177
1513049653.025657892 0.0070 -0.0095 -0.0245 0.9996 21.8410 -0.9690 -0.4532
1513049653.130515099 0.0074 -0.0080 -0.0230 0.9997 22.0338 -0.9729 -0.4086
1513049653.235327005 0.0078 -0.0088 -0.0213 0.9997 22.2708 -0.9785 -0.4372
1513049653.340167046 0.0073 -0.0083 -0.0193 0.9998 22.4683 -0.9798 -0.3914
1513049653.444988966 0.0077 -0.0091 -0.0171 0.9998 22.7400 -0.9648 -0.4266
1513049653.549848080 0.0072 -0.0096 -0.0140 0.9998 23.0023 -1.0041 -0.4062
1513049653.654664993 0.0078 -0.0111 -0.0105 0.9999 23.2530 -1.0243 -0.4454
1513049653.759531975 0.0067 -0.0118 -0.0058 0.9999 23.4862 -1.0934 -0.4324
1513049653.864368916 0.0077 -0.0138 -0.0016 0.9999 23.7705 -1.1058 -0.4719
1513049653.969207048 0.0071 -0.0133 0.0057 0.9999 23.9721 -1.1348 -0.4245
1513049654.074038029 0.0068 -0.0112 0.0114 0.9998 24.1712 -1.1681 -0.3705
1513049654.178911924 0.0070 -0.0123 0.0163 0.9998 24.4603 -1.2063 -0.4101
1513049654.283737898 0.0072 -0.0134 0.0212 0.9997 24.7553 -1.2415 -0.4414
1513049654.388545036 0.0061 -0.0129 0.0264 0.9995 24.9878 -1.2203 -0.4384
1513049654.493370056 0.0074 -0.0144 0.0332 0.9993 25.2627 -1.2414 -0.4823
1513049654.598303080 0.0082 -0.0156 0.0399 0.9991 25.5393 -1.2486 -0.5196
1513049654.703107119 0.0093 -0.0151 0.0493 0.9986 25.7231 -1.2003 -0.4892
1513049654.807909012 0.0099 -0.0167 0.0581 0.9981 25.9934 -1.1876 -0.5133
1513049654.912744045 0.0118 -0.0180 0.0694 0.9974 26.2501 -1.1933 -0.5421
1513049655.017573118 0.0094 -0.0130 0.0867 0.9961 26.3472 -1.2113 -0.4169
1513049655.122435093 0.0115 -0.0133 0.0986 0.9950 26.5952 -1.2022 -0.4319
1513049655.227302074 0.0118 -0.0129 0.1139 0.9933 26.8017 -1.2233 -0.4294
1513049655.332097054 0.0131 -0.0161 0.1254 0.9919 27.0460 -1.1789 -0.4879
1513049655.436949968 0.0103 -0.0152 0.1390 0.9901 27.2567 -1.1667 -0.4492
1513049655.541769028 0.0116 -0.0158 0.1513 0.9883 27.4805 -1.1390 -0.4969
1513049655.646631002 0.0078 -0.0122 0.1656 0.9861 27.7372 -1.1491 -0.4381
1513049655.751467943 0.0062 -0.0078 0.1787 0.9839 27.9895 -1.1242 -0.3794
1513049655.856297016 0.0078 -0.0093 0.1905 0.9816 28.2478 -1.0568 -0.4274
1513049655.961133957 0.0099 -0.0103 0.2027 0.9791 28.4815 -0.9877 -0.4768
1513049656.065968990 0.0098 -0.0079 0.2137 0.9768 28.7019 -0.9309 -0.4192
1513049656.170824051 0.0113 -0.0094 0.2252 0.9742 28.9316 -0.8664 -0.4823
1513049656.275659084 0.0106 -0.0066 0.2366 0.9715 29.1437 -0.8171 -0.4377
1513049656.380486965 0.0088 -0.0041 0.2477 0.9688 29.3394 -0.7335 -0.3784
1513049656.485337973 0.0101 -0.0055 0.2581 0.9660 29.5234 -0.6607 -0.4374
1513049656.590169907 0.0116 -0.0070 0.2682 0.9633 29.7101 -0.5777 -0.4906
1513049656.694999933 0.0083 -0.0056 0.2789 0.9603 29.9083 -0.5187 -0.4305
1513049656.799927950 0.0098 -0.0069 0.2886 0.9574 30.1215 -0.4142 -0.4847
1513049656.904675007 0.0071 -0.0057 0.2990 0.9542 30.3640 -0.3025 -0.4298
1513049657.009516954 0.0062 -0.0048 0.3091 0.9510 30.5530 -0.2313 -0.3833
1513049657.114357948 0.0078 -0.0057 0.3179 0.9481 30.7451 -0.1484 -0.4283
1513049657.219191074 0.0096 -0.0072 0.3271 0.9449 30.9298 -0.0436 -0.4666
1513049657.324042082 0.0081 -0.0072 0.3364 0.9417 31.0981 0.0222 -0.4202
1513049657.428879976 0.0088 -0.0087 0.3448 0.9386 31.2814 0.1441 -0.4741
1513049657.533710003 0.0062 -0.0093 0.3534 0.9354 31.4665 0.2907 -0.4376
1513049657.638550997 0.0063 -0.0112 0.3611 0.9324 31.6595 0.4104 -0.4959
1513049657.743381977 0.0036 -0.0099 0.3674 0.9300 31.8508 0.5287 -0.4463
1513049657.848232985 0.0034 -0.0083 0.3723 0.9281 31.9851 0.6132 -0.4013
1513049657.953095913 0.0042 -0.0084 0.3792 0.9253 32.1729 0.7380 -0.4487
1513049658.057898998 0.0050 -0.0087 0.3856 0.9226 32.3808 0.8616 -0.5039
1513049658.162749052 0.0063 -0.0069 0.3911 0.9203 32.5232 0.9729 -0.4557
1513049658.267575026 0.0075 -0.0070 0.3975 0.9175 32.7112 1.1079 -0.5233
1513049658.372422934 0.0079 -0.0066 0.4025 0.9154 32.8211 1.2566 -0.4893
1513049658.477267981 0.0075 -0.0058 0.4073 0.9132 32.9216 1.3879 -0.4186
1513049658.582112074 0.0076 -0.0066 0.4131 0.9106 33.1096 1.5178 -0.4820
1513049658.686938047 0.0081 -0.0075 0.4192 0.9078 33.2822 1.6560 -0.5320
1513049658.791774988 0.0063 -0.0061 0.4257 0.9048 33.4113 1.7817 -0.4404
1513049658.896622896 0.0075 -0.0065 0.4323 0.9017 33.5788 1.9326 -0.4954
1513049659.001452923 0.0067 -0.0048 0.4397 0.8981 33.6985 2.0962 -0.4283
1513049659.106298923 0.0081 -0.0049 0.4466 0.8947 33.8845 2.2369 -0.4947
1513049659.211142063 0.0092 -0.0056 0.4537 0.8911 34.0630 2.3786 -0.5489
1513049659.315960884 0.0098 -0.0049 0.4612 0.8872 34.2071 2.5135 -0.5232
1513049659.420805931 0.0105 -0.0052 0.4688 0.8832 34.3750 2.6659 -0.5689
1513049659.525645018 0.0110 -0.0057 0.4763 0.8792 34.5253 2.8054 -0.6355
1513049659.630492926 0.0091 -0.0041 0.4863 0.8737 34.5639 2.9586 -0.4511
1513049659.735307932 0.0105 -0.0051 0.4939 0.8695 34.7089 3.0869 -0.5105
1513049659.840166092 0.0105 -0.0057 0.5026 0.8645 34.7879 3.2423 -0.4691
1513049659.944988966 0.0122 -0.0058 0.5097 0.8603 34.9384 3.3838 -0.5186
1513049660.049890995 0.0112 -0.0048 0.5188 0.8548 35.0422 3.5833 -0.4781
1513049660.154685974 0.0127 -0.0050 0.5267 0.8499 35.1713 3.7148 -0.5408
1513049660.259656906 0.0109 -0.0031 0.5354 0.8445 35.2866 3.8867 -0.4579
1513049660.364363909 0.0104 -0.0009 0.5435 0.8393 35.3466 4.0743 -0.3892
1513049660.469217062 0.0109 -0.0009 0.5506 0.8347 35.4472 4.2300 -0.4485
1513049660.574022055 0.0116 -0.0007 0.5575 0.8301 35.5514 4.3878 -0.5052
1513049660.678893089 0.0098 0.0002 0.5647 0.8253 35.6309 4.5630 -0.4339
1513049660.783713102 0.0102 0.0001 0.5717 0.8204 35.7236 4.7105 -0.4834
1513049660.888559103 0.0108 0.0005 0.5786 0.8155 35.8066 4.8329 -0.5355
1513049660.993401051 0.0069 0.0009 0.5858 0.8104 35.8882 4.9104 -0.4928
1513049661.098588943 0.0066 0.0007 0.5924 0.8056 35.9840 5.0165 -0.5466
1513049661.203071117 0.0050 0.0024 0.5979 0.8015 36.0114 5.1394 -0.3891
1513049661.307914019 0.0057 0.0023 0.6037 0.7972 36.0981 5.2428 -0.4631
1513049661.412764072 0.0063 0.0022 0.6094 0.7928 36.1814 5.3416 -0.5200
1513049661.517585039 0.0074 0.0026 0.6150 0.7885 36.2625 5.4383 -0.5758
1513049661.622410059 0.0079 0.0038 0.6193 0.7851 36.2915 5.5820 -0.5300
1513049661.727246046 0.0096 0.0046 0.6241 0.7813 36.3555 5.6925 -0.6089
1513049661.832112074 0.0109 0.0050 0.6288 0.7775 36.4043 5.8049 -0.6717
1513049661.936945915 0.0089 0.0060 0.6335 0.7736 36.3567 5.9491 -0.5028
1513049662.041815042 0.0095 0.0059 0.6382 0.7698 36.4088 6.0288 -0.5615
1513049662.146644115 0.0078 0.0067 0.6428 0.7660 36.4275 6.1221 -0.4864
1513049662.251461029 0.0086 0.0071 0.6471 0.7623 36.4742 6.2055 -0.5478
1513049662.356297016 0.0079 0.0065 0.6519 0.7582 36.5154 6.3298 -0.4835
1513049662.461141109 0.0075 0.0062 0.6565 0.7543 36.5584 6.4457 -0.4138
1513049662.566024065 0.0086 0.0065 0.6609 0.7504 36.6042 6.5377 -0.4697
1513049662.670830965 0.0079 0.0061 0.6661 0.7458 36.6172 6.6782 -0.4112
1513049662.775662899 0.0099 0.0071 0.6707 0.7416 36.6574 6.7870 -0.4617
1513049662.880496025 0.0109 0.0074 0.6758 0.7369 36.6780 6.9210 -0.4042
1513049662.985373020 0.0121 0.0078 0.6804 0.7327 36.7161 7.0138 -0.4603
1513049663.090183973 0.0137 0.0082 0.6848 0.7285 36.7319 7.1284 -0.4252
1513049663.195020914 0.0130 0.0075 0.6889 0.7247 36.7494 7.2332 -0.4871
1513049663.404685020 0.0096 0.0069 0.6964 0.7175 36.7940 7.4524 -0.4329
1513049663.509584904 0.0092 0.0059 0.7002 0.7139 36.8101 7.5415 -0.4847
1513049663.614424944 0.0101 0.0054 0.7038 0.7104 36.8048 7.6203 -0.5394
1513049663.719203949 0.0105 0.0052 0.7075 0.7066 36.8224 7.7030 -0.5931
1513049663.824028969 0.0053 0.0021 0.7150 0.6991 36.8827 7.9705 -0.4914
1513049663.928883076 0.0059 0.0019 0.7180 0.6960 36.8983 8.0744 -0.5676
1513049664.033718109 0.0066 0.0019 0.7210 0.6929 36.9342 8.1752 -0.6497
1513049664.138586998 0.0084 -0.0009 0.7216 0.6922 36.9261 8.4256 -0.5463
1513049664.243400097 0.0094 -0.0004 0.7245 0.6892 36.9366 8.5802 -0.6156
1513049664.348352909 0.0098 0.0019 0.7256 0.6880 36.9291 8.8007 -0.5403
1513049664.453072071 0.0099 0.0038 0.7260 0.6876 36.9495 8.9920 -0.4410
1513049664.557951927 0.0104 0.0038 0.7278 0.6857 36.9773 9.1595 -0.5166
1513049664.662772894 0.0106 0.0025 0.7284 0.6850 36.9611 9.4120 -0.4748
1513049664.767585993 0.0122 0.0030 0.7297 0.6836 36.9658 9.6284 -0.5630
1513049664.872437954 0.0131 0.0023 0.7308 0.6825 36.9565 9.8172 -0.6392
1513049664.977257967 0.0101 0.0040 0.7319 0.6813 36.9098 10.0465 -0.5569
1513049665.082108021 0.0089 0.0019 0.7331 0.6801 36.8781 10.2551 -0.6226
1513049665.186975002 0.0052 0.0013 0.7334 0.6798 36.8506 10.4808 -0.5420
1513049665.291805983 0.0060 0.0010 0.7352 0.6778 36.8588 10.7003 -0.6079
1513049665.396630049 0.0071 -0.0008 0.7382 0.6746 36.8852 11.0421 -0.5463
1513049665.501481056 0.0115 0.0004 0.7406 0.6719 36.8953 11.3166 -0.6236
1513049665.606307983 0.0126 0.0005 0.7433 0.6688 36.8945 11.5837 -0.6885
1513049665.711141109 0.0132 0.0030 0.7466 0.6651 36.9086 11.9049 -0.5794
1513049665.816015005 0.0129 0.0025 0.7497 0.6617 36.8932 12.1871 -0.6530
1513049665.920833111 0.0125 0.0017 0.7528 0.6581 36.8918 12.4594 -0.7050
1513049666.025640965 0.0101 0.0031 0.7584 0.6517 36.8002 12.7855 -0.5470
1513049666.130501032 0.0104 0.0030 0.7621 0.6474 36.7770 13.0932 -0.6025
1513049666.235330105 0.0107 0.0042 0.7672 0.6413 36.7336 13.4425 -0.5567
1513049666.340172052 0.0115 0.0044 0.7708 0.6369 36.6787 13.7432 -0.6257
1513049666.444996119 0.0119 0.0035 0.7747 0.6322 36.6449 14.0580 -0.5925
1513049666.550013065 0.0127 0.0040 0.7787 0.6272 36.6165 14.3726 -0.6592
1513049666.654676914 0.0109 0.0051 0.7836 0.6211 36.5822 14.7081 -0.5702
1513049666.759921074 0.0121 0.0050 0.7878 0.6158 36.5240 15.0326 -0.6310
1513049666.864357948 0.0140 0.0046 0.7921 0.6103 36.4432 15.3806 -0.6976
1513049666.969214916 0.0139 0.0064 0.7972 0.6035 36.3523 15.7841 -0.6271
1513049667.074045897 0.0142 0.0059 0.8012 0.5982 36.2707 16.1212 -0.6984
1513049667.178884983 0.0107 0.0039 0.8054 0.5926 36.2423 16.5311 -0.5028
1513049667.283720016 0.0109 0.0041 0.8102 0.5861 36.1527 16.8877 -0.5588
1513049667.388567924 0.0111 0.0040 0.8146 0.5799 36.0609 17.2562 -0.6226
1513049667.493402004 0.0117 0.0039 0.8189 0.5738 35.9485 17.6309 -0.6906
1513049667.598351002 0.0128 0.0032 0.8233 0.5675 35.8483 18.0428 -0.6384
1513049667.703074932 0.0138 0.0039 0.8276 0.5611 35.7264 18.4299 -0.7005
1513049667.807959080 0.0141 0.0037 0.8314 0.5554 35.5880 18.8072 -0.7643
1513049667.912756920 0.0130 0.0021 0.8337 0.5521 35.4863 19.1847 -0.6032
1513049668.017631054 0.0138 0.0016 0.8365 0.5477 35.3482 19.5668 -0.6515
1513049668.122457027 0.0135 -0.0014 0.8378 0.5458 35.2098 19.9253 -0.5841
1513049668.227288008 0.0131 -0.0015 0.8396 0.5430 35.0654 20.3080 -0.5124
1513049668.332113028 0.0149 -0.0015 0.8422 0.5389 34.9097 20.7159 -0.5656
1513049668.436950922 0.0144 -0.0018 0.8447 0.5351 34.7799 21.0952 -0.6108
1513049668.541824102 0.0123 -0.0024 0.8470 0.5314 34.6853 21.4590 -0.5463
1513049668.646631002 0.0121 -0.0047 0.8492 0.5280 34.5302 21.8517 -0.6198
1513049668.751461029 0.0091 -0.0073 0.8514 0.5243 34.3694 22.2102 -0.5710
1513049668.856317043 0.0089 -0.0061 0.8536 0.5208 34.1844 22.6003 -0.6136
1513049668.961143970 0.0060 -0.0044 0.8552 0.5182 33.9808 22.9887 -0.5480
1513049669.065980911 0.0072 -0.0040 0.8579 0.5138 33.8112 23.3490 -0.6085
1513049669.170852900 0.0064 -0.0008 0.8588 0.5122 33.6252 23.7494 -0.5318
1513049669.275650978 0.0064 -0.0015 0.8605 0.5095 33.4274 24.1372 -0.5871
1513049669.380494118 0.0055 -0.0020 0.8609 0.5087 33.2200 24.5295 -0.5363
1513049669.485332012 0.0053 -0.0026 0.8627 0.5056 33.0298 24.9180 -0.5875
1513049669.590177059 0.0053 -0.0030 0.8642 0.5032 32.8283 25.2924 -0.5315
1513049669.695003033 0.0058 -0.0025 0.8655 0.5009 32.6153 25.6777 -0.6059
1513049669.799859047 0.0062 -0.0027 0.8670 0.4983 32.4339 26.0854 -0.6660
1513049669.904701948 0.0046 -0.0041 0.8678 0.4968 32.2396 26.4647 -0.7100
1513049670.009617090 0.0039 -0.0057 0.8682 0.4961 32.0388 26.8596 -0.6432
1513049670.114408970 0.0041 -0.0058 0.8683 0.4959 31.8255 27.2524 -0.7092
1513049670.219208956 0.0015 -0.0076 0.8673 0.4978 31.6224 27.6452 -0.5189
1513049670.324054003 0.0015 -0.0096 0.8668 0.4985 31.4165 28.0454 -0.5797
1513049670.428894043 0.0017 -0.0120 0.8663 0.4994 31.2180 28.4452 -0.6425
1513049670.533720970 0.0030 -0.0090 0.8651 0.5014 31.0107 28.8138 -0.6163
1513049670.638561010 0.0052 -0.0102 0.8644 0.5027 30.8056 29.2017 -0.6853
1513049670.743417978 0.0070 -0.0123 0.8636 0.5040 30.5943 29.6045 -0.7603
1513049670.848258018 0.0035 -0.0074 0.8605 0.5094 30.3656 29.9181 -0.4609
1513049670.953088045 0.0028 -0.0074 0.8596 0.5110 30.1661 30.3094 -0.5072
1513049671.057905912 0.0018 -0.0053 0.8587 0.5125 29.9811 30.6344 -0.4564
1513049671.162764072 0.0024 -0.0053 0.8579 0.5138 29.7840 31.0162 -0.5225
1513049672.001468897 -0.0003 0.0001 0.8561 0.5169 29.5418 31.6323 -0.5795
1513049672.840193987 -0.0018 0.0072 0.8541 0.5200 29.0572 32.4176 -0.6354
1513049672.945007086 0.0000 0.0055 0.8532 0.5216 28.7830 32.9291 -0.6066
1513049673.154709101 0.0031 -0.0007 0.8531 0.5217 28.4426 33.7298 -0.7092
1513049673.259562016 0.0078 0.0020 0.8531 0.5216 28.0825 34.3731 -0.8289
1513049673.364398003 0.0060 0.0021 0.8536 0.5210 27.8817 34.8210 -0.8843
1513049673.469269991 0.0064 0.0012 0.8537 0.5206 27.6842 35.2433 -0.9545
1513049673.574075937 0.0085 -0.0082 0.8555 0.5178 27.5497 35.5908 -0.8041
1513049673.678889036 0.0104 -0.0104 0.8557 0.5172 27.3478 36.0290 -0.8781
1513049673.783771992 0.0106 -0.0137 0.8556 0.5173 27.1626 36.4485 -0.9415
1513049673.888561010 0.0114 -0.0150 0.8553 0.5177 26.9633 36.8592 -0.9995
1513049673.993418932 0.0122 -0.0162 0.8551 0.5181 26.7627 37.2750 -1.0531
1513049674.098283052 0.0100 -0.0077 0.8548 0.5187 26.6542 37.3620 -0.9075
1513049674.203073025 0.0103 -0.0082 0.8550 0.5185 26.4559 37.7905 -0.9597
1513049674.307997942 0.0118 -0.0096 0.8547 0.5188 26.2673 38.1883 -1.0247
1513049674.412765026 0.0129 -0.0046 0.8539 0.5203 26.0740 38.5435 -0.8747
1513049674.517596960 0.0149 -0.0059 0.8535 0.5208 25.8667 38.9584 -0.9501
1513049674.622438908 0.0160 -0.0070 0.8533 0.5212 25.6644 39.3681 -1.0352
1513049674.727281094 0.0128 -0.0045 0.8530 0.5218 25.5043 39.7071 -0.8567
1513049674.832123995 0.0133 -0.0069 0.8529 0.5218 25.3267 40.1117 -0.9299
1513049674.936963081 0.0139 -0.0082 0.8530 0.5217 25.1483 40.5209 -1.0082
1513049675.041821003 0.0114 -0.0065 0.8524 0.5227 24.9826 40.8948 -0.9366
1513049675.146656990 0.0120 -0.0075 0.8526 0.5224 24.7957 41.3031 -1.0134
1513049675.251471043 0.0118 -0.0099 0.8525 0.5225 24.5987 41.7327 -1.0832
1513049675.356293917 0.0101 -0.0016 0.8526 0.5225 24.3830 42.1154 -0.8502
1513049675.461163998 0.0110 -0.0042 0.8531 0.5216 24.1809 42.5376 -0.9298
1513049675.565989971 0.0120 -0.0060 0.8535 0.5209 23.9942 42.9501 -1.0096
1513049675.670831919 0.0114 -0.0062 0.8542 0.5198 23.8265 43.3156 -0.9211
1513049675.775667906 0.0131 -0.0075 0.8547 0.5188 23.6362 43.7196 -1.0183
1513049675.880512953 0.0146 -0.0110 0.8558 0.5170 23.4509 44.1284 -1.0945
1513049675.985342026 0.0147 -0.0135 0.8567 0.5154 23.2704 44.5396 -1.1702
1513049676.090217113 0.0127 -0.0052 0.8580 0.5135 23.0684 44.8725 -0.9492
1513049676.195022106 0.0120 -0.0055 0.8588 0.5122 22.8916 45.2427 -1.0262
1513049676.299890041 0.0124 -0.0078 0.8592 0.5115 22.7043 45.6327 -1.0946
1513049676.404704094 0.0127 -0.0091 0.8601 0.5100 22.5145 46.0368 -1.1800
1513049676.509654045 0.0096 -0.0048 0.8590 0.5118 22.2951 46.4691 -0.9399
1513049676.614386082 0.0103 -0.0063 0.8598 0.5106 22.1014 46.8834 -1.0351
1513049676.719403028 0.0113 -0.0080 0.8603 0.5096 21.9026 47.2878 -1.1219
1513049676.824054956 0.0112 -0.0048 0.8606 0.5091 21.6554 47.7431 -0.8858
1513049676.928939104 0.0118 -0.0069 0.8615 0.5076 21.4590 48.1487 -0.9565
1513049677.033730030 0.0106 -0.0062 0.8620 0.5067 21.2451 48.5494 -0.8765
1513049677.138576984 0.0098 -0.0080 0.8631 0.5048 21.0492 48.9515 -0.9322
1513049677.243415117 0.0096 -0.0049 0.8638 0.5037 20.8356 49.3761 -0.8350
1513049677.348248005 0.0097 -0.0062 0.8645 0.5025 20.6293 49.7752 -0.8772
1513049677.453090906 0.0097 -0.0082 0.8650 0.5016 20.4166 50.2014 -0.9348
1513049677.557941914 0.0107 -0.0103 0.8656 0.5005 20.1920 50.6400 -1.0070
1513049677.662760019 0.0093 -0.0093 0.8661 0.4997 19.9661 51.0538 -0.9246
1513049677.767602921 0.0084 -0.0113 0.8672 0.4978 19.7507 51.4824 -0.9699
1513049677.872456074 0.0104 -0.0065 0.8678 0.4967 19.5254 51.8498 -0.8055
1513049677.977287054 0.0108 -0.0077 0.8685 0.4956 19.3125 52.2517 -0.8675
1513049678.082180023 0.0109 -0.0050 0.8681 0.4962 19.1125 52.6060 -0.8087
1513049678.187860012 0.0111 -0.0061 0.8684 0.4958 18.8933 53.0105 -0.8745
1513049678.291831017 0.0102 -0.0039 0.8686 0.4954 18.6842 53.3942 -0.8025
1513049678.396630049 0.0111 -0.0051 0.8694 0.4939 18.4715 53.8042 -0.8832
1513049678.501501083 0.0093 -0.0042 0.8706 0.4919 18.2594 54.1965 -0.7980
1513049678.606323957 0.0098 -0.0055 0.8712 0.4908 18.0438 54.5952 -0.8741
1513049678.711189985 0.0101 -0.0065 0.8718 0.4897 17.8183 55.0041 -0.9301
1513049678.815989017 0.0095 -0.0058 0.8715 0.4903 17.5850 55.4037 -0.8674
1513049678.920828104 0.0107 -0.0070 0.8713 0.4906 17.3596 55.8012 -0.9456
1513049679.025681019 0.0122 -0.0085 0.8711 0.4909 17.1383 56.2010 -1.0442
1513049679.130587101 0.0120 -0.0061 0.8693 0.4941 16.9116 56.5962 -0.8474
1513049679.235361099 0.0134 -0.0062 0.8692 0.4943 16.6875 56.9919 -0.9190
1513049679.340190887 0.0129 -0.0038 0.8685 0.4954 16.4595 57.3897 -0.8172
1513049679.445019960 0.0144 -0.0061 0.8679 0.4964 16.2260 57.8018 -0.9122
1513049679.549870968 0.0145 -0.0089 0.8675 0.4971 15.9943 58.2110 -0.9758
1513049679.654730082 0.0106 -0.0082 0.8667 0.4986 15.7935 58.5877 -0.8616
1513049679.759548903 0.0109 -0.0104 0.8662 0.4995 15.5725 59.0000 -0.9081
1513049679.864362955 0.0114 -0.0125 0.8657 0.5003 15.3640 59.4127 -0.9720
1513049679.969234943 0.0111 -0.0132 0.8652 0.5011 15.1401 59.8250 -1.0221
1513049680.074043989 0.0121 -0.0141 0.8646 0.5022 14.9230 60.2343 -1.0848
1513049680.178910971 0.0070 -0.0096 0.8649 0.5018 14.7303 60.6022 -0.8785
1513049680.283788919 0.0065 -0.0111 0.8643 0.5029 14.5230 61.0005 -0.9382
1513049680.388628006 0.0061 -0.0128 0.8638 0.5036 14.3073 61.3910 -0.9956
1513049680.493407965 0.0070 -0.0061 0.8631 0.5049 14.0659 61.7604 -0.8678
1513049680.598330975 0.0090 -0.0059 0.8631 0.5050 13.8554 62.1498 -0.9530
1513049680.703125000 0.0114 -0.0056 0.8627 0.5055 13.6337 62.5565 -1.0430
1513049680.807934046 0.0124 -0.0017 0.8625 0.5059 13.3908 62.9800 -0.8776
1513049680.912784100 0.0118 -0.0025 0.8623 0.5063 13.1756 63.4093 -0.9314
1513049681.017766953 0.0106 -0.0042 0.8622 0.5064 12.9728 63.8174 -0.9822
1513049681.122461081 0.0084 -0.0054 0.8613 0.5080 12.7882 64.2335 -0.8840
1513049681.227288961 0.0087 -0.0056 0.8606 0.5091 12.5938 64.6366 -0.9424
1513049681.332134008 0.0096 -0.0051 0.8604 0.5096 12.3894 65.0447 -1.0030
1513049681.436969042 0.0089 -0.0054 0.8604 0.5096 12.1915 65.4573 -1.0600
1513049681.541814089 0.0074 -0.0063 0.8598 0.5105 11.9829 65.8139 -0.8839
1513049681.646646023 0.0078 -0.0066 0.8590 0.5119 11.7745 66.2103 -0.9551
1513049681.751478910 0.0081 -0.0067 0.8584 0.5128 11.5731 66.6116 -1.0193
1513049681.856318951 0.0081 -0.0068 0.8575 0.5144 11.3673 67.0065 -1.0891
1513049681.961160898 0.0060 -0.0076 0.8573 0.5147 11.1016 67.4373 -0.8906
1513049682.065994978 0.0073 -0.0086 0.8565 0.5160 10.8910 67.8389 -0.9712
1513049682.170838118 0.0085 -0.0106 0.8562 0.5165 10.6755 68.2818 -1.0426
1513049682.275675058 0.0056 -0.0090 0.8562 0.5165 10.4489 68.7568 -0.8435
1513049682.380525112 0.0052 -0.0108 0.8557 0.5173 10.2377 69.1888 -0.9062
1513049682.485332966 0.0042 -0.0126 0.8554 0.5177 10.0329 69.6244 -0.9867
1513049682.590190887 0.0027 -0.0125 0.8544 0.5194 9.8501 70.0116 -0.9171
1513049682.695029020 0.0014 -0.0129 0.8540 0.5201 9.6722 70.3875 -0.9763
1513049682.799881935 0.0024 -0.0118 0.8535 0.5209 9.4792 70.7816 -1.0209
1513049682.904716015 0.0035 -0.0097 0.8541 0.5200 9.3017 71.1963 -1.0736
1513049683.009552002 0.0028 -0.0049 0.8531 0.5217 9.1148 71.5216 -0.8487
1513049683.114393950 0.0042 -0.0038 0.8530 0.5219 8.9250 71.9026 -0.9244
1513049683.219322920 0.0039 -0.0030 0.8528 0.5222 8.7338 72.2963 -0.9749
1513049683.324079990 0.0038 -0.0020 0.8526 0.5226 8.5375 72.7137 -1.0521
1513049683.428894997 0.0042 -0.0067 0.8513 0.5245 8.2926 73.1953 -0.9001
1513049683.533749104 0.0053 -0.0051 0.8512 0.5248 8.0962 73.6033 -0.9666
1513049683.638586998 0.0065 -0.0048 0.8514 0.5244 7.9095 74.0324 -1.0459
1513049683.848261118 0.0067 -0.0032 0.8515 0.5243 7.5919 74.6887 -1.1066
1513049683.953094006 0.0068 -0.0082 0.8521 0.5233 7.3357 75.1922 -0.9318
1513049684.057929039 0.0080 -0.0090 0.8524 0.5227 7.1482 75.5961 -0.9906
1513049684.162774086 0.0116 -0.0090 0.8531 0.5216 6.9526 76.0295 -1.0833
1513049684.267805099 0.0080 -0.0108 0.8536 0.5207 6.6898 76.5909 -0.8466
1513049684.372452021 0.0097 -0.0115 0.8539 0.5202 6.4900 76.9941 -0.9111
1513049684.582129002 0.0068 -0.0099 0.8536 0.5208 6.1867 77.6175 -0.8573
1513049684.686960936 0.0086 -0.0080 0.8539 0.5203 5.9670 78.0740 -0.9328
1513049684.791821957 0.0039 -0.0075 0.8529 0.5221 5.7779 78.4783 -0.8299
1513049685.001478910 0.0041 -0.0050 0.8527 0.5224 5.4441 79.1189 -0.8697
1513049685.106319904 0.0062 -0.0057 0.8521 0.5234 5.2087 79.5863 -0.9570
1513049685.316003084 0.0066 -0.0091 0.8509 0.5251 4.8223 80.4321 -0.9372
1513049685.421070099 0.0092 -0.0101 0.8507 0.5255 4.5830 80.9418 -1.0049
1513049685.525670052 0.0112 -0.0109 0.8506 0.5256 4.3799 81.3830 -1.0837
1513049685.735352039 0.0081 -0.0155 0.8498 0.5269 3.9136 82.4701 -0.8635
1513049685.840214014 0.0096 -0.0150 0.8499 0.5267 3.7005 82.9395 -0.9315
1513049686.049868107 0.0138 -0.0135 0.8497 0.5270 3.3888 83.6034 -0.9896
1513049686.154702902 0.0122 -0.0113 0.8499 0.5267 3.2875 83.8820 -0.9500
1513049686.364375114 0.0131 -0.0124 0.8498 0.5269 2.9773 84.5544 -1.0268
1513049686.469264030 0.0151 -0.0126 0.8498 0.5267 2.7602 85.0552 -1.0959
1513049686.574069023 0.0154 -0.0136 0.8499 0.5266 2.5738 85.4764 -1.1646
1513049686.678905010 0.0071 -0.0131 0.8504 0.5260 2.2705 86.1529 -0.9242
1513049686.888593912 0.0081 -0.0154 0.8511 0.5248 2.0115 86.7175 -0.9992
1513049686.993432999 0.0093 -0.0158 0.8515 0.5240 1.8133 87.1693 -1.0640
1513049687.098305941 0.0110 -0.0167 0.8521 0.5230 1.6196 87.5988 -1.1322
1513049687.203135967 0.0057 -0.0122 0.8531 0.5215 1.3701 88.0424 -0.9026
1513049687.307972908 0.0078 -0.0140 0.8528 0.5219 1.1560 88.4702 -0.9799
1513049687.412782907 0.0096 -0.0161 0.8525 0.5223 0.9510 88.8884 -1.0517
1513049687.517682076 0.0112 -0.0185 0.8524 0.5225 0.7544 89.2946 -1.1234
1513049687.622476101 0.0129 -0.0215 0.8528 0.5216 0.5854 89.7043 -1.1938
1513049687.727324009 0.0096 -0.0186 0.8510 0.5248 0.2521 90.4117 -0.9565
1513049687.832138062 0.0096 -0.0217 0.8511 0.5245 0.0681 90.8414 -1.0328
1513049687.936959028 0.0038 -0.0189 0.8519 0.5233 -0.1061 91.2904 -0.8632
1513049688.041810036 0.0031 -0.0202 0.8517 0.5237 -0.3099 91.7336 -0.9115
1513049688.146673918 0.0036 -0.0217 0.8515 0.5240 -0.4867 92.1493 -0.9791
1513049688.251497984 0.0019 -0.0190 0.8505 0.5256 -0.6640 92.5352 -0.9159
1513049688.356313944 0.0009 -0.0214 0.8505 0.5255 -0.8482 92.9622 -0.9782
1513049688.461184978 0.0011 -0.0233 0.8501 0.5262 -1.0474 93.4026 -1.0320
1513049688.670851946 0.0040 -0.0179 0.8487 0.5286 -1.3513 93.9363 -0.7887
1513049688.775674105 0.0062 -0.0205 0.8483 0.5291 -1.5666 94.4079 -0.8703
1513049688.880523920 0.0069 -0.0204 0.8470 0.5311 -1.7444 94.7882 -0.8139
1513049688.985358000 0.0085 -0.0222 0.8470 0.5311 -1.9232 95.1810 -0.9121
1513049689.195040941 0.0054 -0.0149 0.8466 0.5320 -2.2669 95.9355 -0.8341
1513049689.299912930 0.0058 -0.0148 0.8462 0.5326 -2.4648 96.3561 -0.9127
1513049689.404732943 0.0037 -0.0126 0.8458 0.5334 -2.6415 96.7497 -0.8414
1513049689.509551048 0.0050 -0.0133 0.8458 0.5333 -2.8349 97.1531 -0.9131
1513049689.614375114 0.0071 -0.0145 0.8458 0.5333 -3.0267 97.5634 -1.0131
1513049689.719233036 0.0057 -0.0130 0.8460 0.5329 -3.3176 98.2216 -0.9472
1513049689.824085951 0.0079 -0.0145 0.8458 0.5333 -3.4988 98.6425 -1.0522
1513049689.929043055 0.0093 -0.0147 0.8465 0.5321 -3.6690 99.0429 -1.1208
1513049690.033751011 0.0067 -0.0158 0.8465 0.5322 -3.8292 99.4613 -0.8683
1513049690.243417025 0.0077 -0.0178 0.8468 0.5315 -4.1060 100.0764 -0.9135
1513049690.348318100 0.0045 -0.0162 0.8472 0.5310 -4.3144 100.5166 -0.7988
1513049690.557951927 0.0062 -0.0184 0.8479 0.5299 -4.5966 101.1685 -0.8998
1513049690.662791014 0.0048 -0.0187 0.8474 0.5307 -4.9215 101.9565 -0.8329
1513049690.767756939 0.0034 -0.0195 0.8476 0.5302 -5.0933 102.3694 -0.8930
1513049690.977293968 0.0026 -0.0187 0.8472 0.5309 -5.4605 103.1797 -0.8133
1513049691.082201004 0.0045 -0.0188 0.8474 0.5305 -5.6652 103.6337 -0.8966
1513049691.186969995 0.0021 -0.0147 0.8469 0.5315 -5.7740 103.8758 -0.7951
1513049691.291865110 0.0022 -0.0163 0.8467 0.5318 -5.9470 104.2861 -0.8596
1513049691.396636009 0.0029 -0.0169 0.8471 0.5311 -6.1078 104.6649 -0.9309
1513049691.501487970 0.0023 -0.0153 0.8461 0.5328 -6.3437 105.1766 -0.8562
1513049691.606334925 0.0035 -0.0167 0.8461 0.5328 -6.5162 105.5595 -0.9491
1513049691.711167097 0.0038 -0.0183 0.8459 0.5330 -6.6778 105.9295 -1.0185
1513049691.816015005 0.0029 -0.0204 0.8461 0.5326 -6.8359 106.3272 -1.0854
1513049691.920842886 0.0028 -0.0188 0.8465 0.5320 -7.0231 106.6772 -0.8685
1513049692.025688887 0.0059 -0.0198 0.8466 0.5318 -7.1930 107.0687 -0.9714
1513049692.130769968 0.0085 -0.0224 0.8469 0.5312 -7.3573 107.4591 -1.0535
1513049692.235353947 0.0093 -0.0148 0.8469 0.5315 -7.5538 107.8286 -0.8182
1513049692.340209007 0.0110 -0.0160 0.8467 0.5317 -7.7231 108.1984 -0.8901
1513049692.445041895 0.0129 -0.0177 0.8462 0.5325 -7.8924 108.5838 -0.9685
1513049692.654714108 0.0093 -0.0173 0.8460 0.5328 -8.1363 109.1193 -0.8668
1513049692.759619951 0.0102 -0.0189 0.8454 0.5337 -8.3240 109.5390 -0.9493
1513049692.864423990 0.0112 -0.0211 0.8446 0.5349 -8.4774 109.9086 -1.0322
1513049693.074095011 0.0058 -0.0167 0.8425 0.5383 -8.7822 110.6253 -0.7717
1513049693.178910971 0.0056 -0.0182 0.8413 0.5403 -8.9453 111.0238 -0.8335
1513049693.388581991 0.0027 -0.0167 0.8395 0.5431 -9.1014 111.4197 -0.7342
1513049693.493431091 0.0048 -0.0179 0.8382 0.5450 -9.2588 111.8123 -0.8423
1513049693.703114986 0.0066 -0.0145 0.8353 0.5495 -9.5582 112.5170 -0.7737
1513049693.807949066 0.0077 -0.0162 0.8342 0.5511 -9.7161 112.9264 -0.8516
1513049693.912772894 0.0086 -0.0181 0.8330 0.5529 -9.8542 113.2999 -0.9268
1513049694.122457981 0.0148 -0.0172 0.8297 0.5577 -10.1467 113.9486 -0.8321
1513049694.227370024 0.0167 -0.0194 0.8284 0.5596 -10.3101 114.3619 -0.9225
1513049694.332133055 0.0154 -0.0186 0.8273 0.5612 -10.4359 114.7124 -1.0099
1513049694.436981916 0.0137 -0.0177 0.8266 0.5624 -10.5481 115.0577 -1.1043
1513049694.541809082 0.0147 -0.0060 0.8245 0.5656 -10.8234 115.6235 -0.8718
1513049694.646658897 0.0157 -0.0067 0.8237 0.5668 -10.9403 115.9420 -0.9285
1513049694.751513004 0.0177 -0.0081 0.8227 0.5682 -11.0304 116.2418 -1.0026
1513049694.856322050 0.0169 -0.0085 0.8220 0.5692 -11.1413 116.5762 -1.0739
1513049694.961178064 0.0087 -0.0007 0.8206 0.5714 -11.1980 116.6126 -0.7805
1513049695.170947075 0.0131 -0.0034 0.8186 0.5742 -11.3817 117.0971 -0.8747
1513049695.275684118 0.0176 -0.0039 0.8166 0.5769 -11.5033 117.4438 -0.9722
1513049695.380527973 0.0117 -0.0009 0.8142 0.5805 -11.5798 117.7031 -0.7190
1513049695.485384941 0.0110 -0.0013 0.8129 0.5823 -11.6763 118.0186 -0.8103
1513049695.695039034 0.0139 -0.0062 0.8119 0.5835 -11.8478 118.5798 -0.7693
1513049695.799874067 0.0161 -0.0076 0.8107 0.5851 -11.9619 118.9102 -0.8517
1513049695.904751062 0.0142 -0.0062 0.8100 0.5862 -12.0591 119.1628 -0.7527
1513049696.009573936 0.0156 -0.0064 0.8091 0.5875 -12.1536 119.4685 -0.8328
1513049696.114394903 0.0136 -0.0058 0.8073 0.5899 -12.2731 119.8892 -0.7471
1513049696.324084044 0.0136 -0.0062 0.8063 0.5914 -12.4006 120.3678 -0.8213
1513049696.428917885 0.0138 -0.0074 0.8054 0.5925 -12.4949 120.7046 -0.8928
1513049696.533757925 0.0151 -0.0067 0.8046 0.5936 -12.5876 121.0247 -0.8278
1513049696.638833046 0.0149 -0.0083 0.8041 0.5943 -12.6623 121.3341 -0.9070
1513049696.743443966 0.0159 -0.0094 0.8038 0.5947 -12.7497 121.6611 -0.9981
1513049696.953115940 0.0186 -0.0071 0.8036 0.5949 -12.9270 122.3223 -0.7816
1513049697.057959080 0.0199 -0.0076 0.8036 0.5948 -13.0433 122.7173 -0.8612
1513049697.162787914 0.0213 -0.0065 0.8032 0.5953 -13.1692 123.1251 -0.7664
1513049697.267621040 0.0223 -0.0078 0.8035 0.5948 -13.2665 123.4886 -0.8395
1513049697.477484941 0.0180 -0.0033 0.8025 0.5963 -13.4409 124.1566 -0.7364
1513049697.582149029 0.0200 -0.0058 0.8027 0.5960 -13.5649 124.5739 -0.8386
1513049697.686978102 0.0214 -0.0057 0.8030 0.5955 -13.6771 124.9483 -0.9245
1513049697.791851997 0.0205 -0.0021 0.8025 0.5963 -13.7518 125.2737 -0.8247
1513049697.896656990 0.0231 -0.0035 0.8023 0.5964 -13.8681 125.6807 -0.9280
1513049698.001526117 0.0246 -0.0044 0.8027 0.5959 -13.9860 126.0759 -1.0019
1513049698.106314898 0.0262 -0.0051 0.8030 0.5954 -14.1075 126.4792 -1.0822
1513049698.211220026 0.0221 0.0001 0.8040 0.5942 -14.2264 126.8907 -0.7925
1513049698.316010952 0.0230 -0.0016 0.8042 0.5938 -14.3251 127.2776 -0.8772
1513049698.420846939 0.0236 -0.0036 0.8052 0.5925 -14.4330 127.6760 -0.9650
1513049698.525695086 0.0247 -0.0065 0.8059 0.5914 -14.5362 128.0634 -1.0477
1513049698.630559921 0.0184 -0.0069 0.8083 0.5885 -14.5919 128.3549 -0.7931
1513049698.735358953 0.0177 -0.0081 0.8095 0.5867 -14.7118 128.7668 -0.8578
1513049698.840198040 0.0185 -0.0074 0.8108 0.5850 -14.8297 129.1576 -0.9155
1513049698.945041895 0.0146 -0.0017 0.8118 0.5837 -14.9289 129.4948 -0.6378
1513049699.049885035 0.0144 -0.0031 0.8130 0.5820 -15.0248 129.8721 -0.7015
1513049699.154711962 0.0154 -0.0014 0.8128 0.5823 -15.1241 130.2331 -0.6388
1513049699.259565115 0.0144 -0.0021 0.8140 0.5806 -15.2273 130.6074 -0.7096
1513049699.364388943 0.0134 -0.0017 0.8150 0.5794 -15.3527 131.0204 -0.6403
1513049699.469249010 0.0149 -0.0012 0.8159 0.5780 -15.4781 131.4413 -0.7254
1513049699.678909063 0.0121 0.0000 0.8182 0.5748 -15.6919 132.1272 -0.6527
1513049699.783782005 0.0130 -0.0011 0.8194 0.5731 -15.8314 132.5717 -0.7192
1513049699.888787985 0.0130 0.0006 0.8201 0.5720 -15.9621 132.9551 -0.6314
1513049699.993422031 0.0141 0.0004 0.8216 0.5699 -16.0953 133.3549 -0.6887
1513049700.098297119 0.0123 0.0001 0.8223 0.5689 -16.2482 133.8681 -0.5635
1513049700.203111887 0.0144 -0.0007 0.8231 0.5676 -16.3847 134.2708 -0.6524
1513049700.307948112 0.0150 0.0015 0.8233 0.5675 -16.5167 134.6667 -0.5865
1513049700.412813902 0.0153 0.0011 0.8247 0.5653 -16.6385 135.0522 -0.6374
1513049700.517622948 0.0172 0.0005 0.8262 0.5631 -16.7820 135.4836 -0.7232
1513049700.622472048 0.0183 0.0036 0.8269 0.5620 -16.9282 135.8643 -0.6822
1513049700.727505922 0.0212 0.0019 0.8280 0.5604 -17.0642 136.2743 -0.7664
1513049700.832142115 0.0225 0.0010 0.8289 0.5589 -17.2054 136.6766 -0.8446
1513049700.936964989 0.0243 0.0011 0.8296 0.5579 -17.3605 137.0906 -0.9269
1513049701.041800976 0.0210 0.0045 0.8306 0.5564 -17.5182 137.4680 -0.7198
1513049701.146673918 0.0234 0.0043 0.8311 0.5556 -17.6697 137.8834 -0.7955
1513049701.251504898 0.0254 0.0035 0.8323 0.5538 -17.8193 138.2922 -0.8656
1513049701.356348038 0.0267 0.0033 0.8321 0.5539 -17.9912 138.7230 -0.9340
1513049701.461174965 0.0204 0.0056 0.8320 0.5543 -18.1395 139.1473 -0.7161
1513049701.566035986 0.0208 0.0047 0.8318 0.5546 -18.2995 139.5688 -0.8017
1513049701.670847893 0.0215 0.0027 0.8319 0.5545 -18.4466 139.9919 -0.8843
1513049701.775690079 0.0220 0.0023 0.8317 0.5548 -18.6078 140.4329 -0.9717
1513049701.880551100 0.0223 0.0016 0.8318 0.5546 -18.7882 140.8624 -1.0366
1513049701.985368013 0.0165 0.0023 0.8304 0.5569 -18.9139 141.2919 -0.8135
1513049702.090219021 0.0180 0.0035 0.8304 0.5568 -19.0642 141.7324 -0.8717
1513049702.195049047 0.0194 0.0043 0.8302 0.5571 -19.2403 142.1591 -0.9422
1513049702.299940109 0.0184 0.0100 0.8313 0.5555 -19.4217 142.5562 -0.6470
1513049702.404714108 0.0200 0.0094 0.8315 0.5551 -19.5780 142.9745 -0.7404
1513049702.509577036 0.0212 0.0068 0.8320 0.5543 -19.7281 143.4072 -0.7984
1513049702.614419937 0.0223 0.0058 0.8322 0.5540 -19.8934 143.8296 -0.8818
1513049702.719234943 0.0153 0.0039 0.8331 0.5528 -20.0396 144.2265 -0.6364
1513049702.824085951 0.0147 0.0041 0.8335 0.5524 -20.1901 144.6451 -0.6916
1513049702.928925037 0.0160 0.0018 0.8341 0.5514 -20.3358 145.0342 -0.7423
1513049703.033767939 0.0161 -0.0008 0.8348 0.5502 -20.4705 145.4126 -0.8295
1513049703.138639927 0.0124 0.0020 0.8352 0.5498 -20.6203 145.8241 -0.6680
1513049703.243488073 0.0105 0.0048 0.8357 0.5491 -20.7898 146.2371 -0.7317
1513049703.348277092 0.0090 0.0055 0.8358 0.5490 -20.9385 146.6603 -0.7865
1513049703.453116894 0.0099 0.0080 0.8338 0.5519 -21.1079 147.0899 -0.5925
1513049703.557950974 0.0061 0.0104 0.8347 0.5506 -21.2624 147.4791 -0.6089
1513049703.662789106 0.0057 0.0109 0.8351 0.5499 -21.4328 147.8644 -0.6871
1513049703.767854929 0.0092 0.0112 0.8345 0.5508 -21.5880 148.2214 -0.6024
1513049703.872471094 0.0162 0.0092 0.8345 0.5508 -21.7462 148.6081 -0.7545
1513049703.977524042 0.0192 0.0075 0.8347 0.5503 -21.8906 149.0055 -0.8545
1513049704.082153082 0.0199 0.0077 0.8348 0.5502 -22.0510 149.3926 -0.9398
1513049704.188781977 0.0231 0.0078 0.8339 0.5514 -22.1880 149.7749 -0.7704
1513049704.291826010 0.0212 0.0100 0.8343 0.5508 -22.3539 150.1578 -0.8074
1513049704.396660089 0.0216 0.0100 0.8345 0.5505 -22.4911 150.5307 -0.8615
1513049704.501499891 0.0229 0.0104 0.8343 0.5507 -22.6500 150.9063 -0.9389
1513049704.606334925 0.0181 0.0115 0.8335 0.5521 -22.7991 151.2795 -0.6887
1513049704.711226940 0.0192 0.0118 0.8338 0.5516 -22.9532 151.6555 -0.7578
1513049704.816018105 0.0198 0.0122 0.8337 0.5518 -23.1130 152.0228 -0.8396
1513049704.920852900 0.0199 0.0131 0.8336 0.5518 -23.2794 152.4053 -0.8885
1513049705.025681973 0.0202 0.0126 0.8333 0.5523 -23.4375 152.8058 -0.6602
1513049705.130533934 0.0204 0.0137 0.8330 0.5528 -23.6135 153.1991 -0.7232
1513049705.235383034 0.0209 0.0139 0.8328 0.5531 -23.7786 153.5725 -0.8036
1513049705.340254068 0.0175 0.0138 0.8334 0.5523 -23.8573 153.9617 -0.5737
1513049705.445071936 0.0187 0.0144 0.8332 0.5524 -24.0098 154.3520 -0.6519
1513049705.549879074 0.0196 0.0111 0.8333 0.5524 -24.1321 154.7368 -0.6062
1513049705.654711008 0.0201 0.0116 0.8333 0.5524 -24.2814 155.1250 -0.6856
1513049705.759629965 0.0218 0.0107 0.8329 0.5529 -24.4470 155.5373 -0.6317
1513049705.864407063 0.0240 0.0113 0.8323 0.5537 -24.6211 155.9499 -0.7140
1513049705.969252110 0.0245 0.0109 0.8323 0.5537 -24.7823 156.3736 -0.7842
1513049706.074079037 0.0248 0.0107 0.8318 0.5545 -24.9395 156.7566 -0.8531
1513049706.178915977 0.0216 0.0111 0.8322 0.5539 -25.0959 157.1422 -0.7517
1513049706.283761978 0.0224 0.0103 0.8324 0.5536 -25.2486 157.5324 -0.8391
1513049706.388765097 0.0228 0.0105 0.8322 0.5539 -25.4012 157.9406 -0.9140
1513049706.493439913 0.0245 0.0108 0.8316 0.5547 -25.5918 158.3605 -1.0026
1513049706.598265886 0.0216 0.0114 0.8329 0.5528 -25.6958 158.7024 -0.7805
1513049706.703155041 0.0224 0.0116 0.8325 0.5534 -25.8339 159.0924 -0.8706
1513049706.807961941 0.0234 0.0122 0.8328 0.5530 -25.9810 159.4874 -0.9424
1513049706.912797928 0.0238 0.0144 0.8339 0.5512 -26.1139 159.8680 -0.7078
1513049707.017640114 0.0263 0.0159 0.8333 0.5520 -26.2899 160.2855 -0.7818
1513049707.122474909 0.0280 0.0170 0.8329 0.5525 -26.4648 160.6882 -0.8504
1513049707.227332115 0.0283 0.0186 0.8332 0.5520 -26.6365 161.0839 -0.9085
1513049707.332169056 0.0218 0.0190 0.8340 0.5510 -26.7781 161.4379 -0.6760
1513049707.436997890 0.0238 0.0202 0.8342 0.5505 -26.9515 161.8282 -0.7549
1513049707.541821003 0.0250 0.0212 0.8346 0.5498 -27.1315 162.2283 -0.8225
1513049707.646711111 0.0205 0.0153 0.8355 0.5488 -27.2218 162.5672 -0.6010
1513049707.751496077 0.0209 0.0160 0.8358 0.5484 -27.3756 162.9662 -0.6727
1513049707.856337070 0.0192 0.0132 0.8357 0.5488 -27.4913 163.3776 -0.6261
1513049707.961183071 0.0207 0.0140 0.8361 0.5481 -27.6662 163.7806 -0.7170
1513049708.066040039 0.0228 0.0147 0.8363 0.5476 -27.8556 164.1889 -0.8261
1513049708.170862913 0.0215 0.0127 0.8364 0.5476 -27.9958 164.5867 -0.7899
1513049708.275695086 0.0246 0.0104 0.8359 0.5483 -28.1627 164.9967 -0.8966
1513049708.380568981 0.0264 0.0085 0.8356 0.5486 -28.3381 165.4107 -0.9889
1513049708.485378981 0.0215 0.0093 0.8353 0.5492 -28.4616 165.7717 -0.6927
1513049708.590223074 0.0225 0.0107 0.8361 0.5480 -28.6386 166.1648 -0.7656
1513049708.695099115 0.0239 0.0124 0.8369 0.5467 -28.8187 166.5519 -0.8644
1513049708.799932003 0.0223 0.0148 0.8379 0.5452 -28.9923 166.9473 -0.6934
1513049708.904747963 0.0241 0.0138 0.8382 0.5447 -29.1572 167.3394 -0.7889
1513049709.009571075 0.0260 0.0130 0.8383 0.5444 -29.3529 167.7475 -0.8607
1513049709.114397049 0.0209 0.0097 0.8379 0.5453 -29.4348 168.1542 -0.6390
1513049709.219257116 0.0218 0.0073 0.8390 0.5436 -29.6018 168.5596 -0.7046
1513049709.324084997 0.0237 0.0055 0.8403 0.5416 -29.7651 168.9324 -0.7991
1513049709.428924084 0.0230 0.0041 0.8409 0.5407 -29.9207 169.3566 -0.7151
1513049709.533780098 0.0245 0.0033 0.8413 0.5400 -30.0841 169.7692 -0.8107
1513049709.638756037 0.0260 0.0024 0.8417 0.5392 -30.2571 170.1798 -0.8895
1513049709.743447065 0.0261 0.0033 0.8425 0.5380 -30.4391 170.6116 -0.9431
1513049709.848400116 0.0222 0.0093 0.8415 0.5397 -30.5631 171.0726 -0.7043
1513049709.953154087 0.0221 0.0099 0.8419 0.5391 -30.7497 171.4691 -0.7766
1513049710.057950020 0.0228 0.0100 0.8425 0.5381 -30.9393 171.8874 -0.8365
1513049710.162828922 0.0240 0.0095 0.8431 0.5372 -31.1072 172.2758 -0.9039
1513049710.267626047 0.0193 0.0104 0.8424 0.5383 -31.2425 172.6457 -0.6509
1513049710.372467041 0.0190 0.0103 0.8431 0.5374 -31.4190 173.0685 -0.7086
1513049710.477437973 0.0189 0.0103 0.8433 0.5370 -31.5945 173.4827 -0.7688
1513049710.582154036 0.0183 0.0095 0.8418 0.5394 -31.7519 173.8854 -0.5782
1513049710.687175989 0.0175 0.0106 0.8417 0.5396 -31.9278 174.2964 -0.6406
1513049710.791837931 0.0179 0.0122 0.8402 0.5418 -32.1050 174.6692 -0.5756
1513049710.896661043 0.0182 0.0111 0.8403 0.5416 -32.2619 175.0547 -0.6503
1513049711.001530886 0.0173 0.0131 0.8399 0.5423 -32.4214 175.4852 -0.5698
1513049711.106336117 0.0179 0.0142 0.8397 0.5425 -32.6041 175.8977 -0.6404
1513049711.211189985 0.0187 0.0145 0.8399 0.5422 -32.7985 176.3072 -0.6962
1513049711.316008091 0.0189 0.0141 0.8397 0.5426 -32.9838 176.7196 -0.7919
1513049711.420901060 0.0200 0.0114 0.8390 0.5437 -33.1562 177.1995 -0.7005
1513049711.525705099 0.0194 0.0096 0.8383 0.5448 -33.3175 177.5895 -0.7805
1513049711.630588055 0.0185 0.0080 0.8378 0.5455 -33.4505 178.0132 -0.5866
1513049711.735378027 0.0203 0.0069 0.8379 0.5453 -33.6203 178.4135 -0.6893
1513049711.840217113 0.0203 0.0075 0.8388 0.5440 -33.7743 178.8315 -0.6063
1513049711.945076942 0.0193 0.0067 0.8393 0.5433 -33.9401 179.2499 -0.6574
1513049712.049896955 0.0193 0.0081 0.8391 0.5436 -34.1417 179.7294 -0.5438
1513049712.154732943 0.0188 0.0076 0.8389 0.5440 -34.3085 180.1372 -0.6168
1513049712.259577990 0.0194 0.0104 0.8374 0.5462 -34.4876 180.5686 -0.5524
1513049712.364403009 0.0191 0.0116 0.8371 0.5467 -34.6539 180.9776 -0.6147
1513049712.469259977 0.0187 0.0128 0.8367 0.5473 -34.8397 181.4211 -0.6392
1513049712.574115992 0.0182 0.0130 0.8359 0.5484 -35.0212 181.8543 -0.7073
1513049712.678940058 0.0191 0.0122 0.8365 0.5476 -35.2086 182.3201 -0.5308
1513049712.783773899 0.0207 0.0107 0.8364 0.5476 -35.3793 182.7628 -0.6269
1513049712.888663054 0.0216 0.0094 0.8368 0.5469 -35.5367 183.1883 -0.5974
1513049712.993444920 0.0220 0.0099 0.8377 0.5457 -35.6853 183.5769 -0.6711
1513049713.098305941 0.0211 0.0114 0.8376 0.5458 -35.8350 183.9400 -0.5576
1513049713.203123093 0.0187 0.0123 0.8381 0.5451 -36.0008 184.3391 -0.4692
1513049713.307965040 0.0183 0.0117 0.8389 0.5439 -36.1832 184.7793 -0.4794
1513049713.412847042 0.0179 0.0107 0.8395 0.5430 -36.3432 185.1762 -0.5496
1513049713.517663002 0.0205 0.0103 0.8397 0.5426 -36.5446 185.6614 -0.4930
1513049713.622467995 0.0225 0.0091 0.8402 0.5417 -36.7142 186.0691 -0.5960
1513049713.727416992 0.0232 0.0099 0.8396 0.5426 -36.8891 186.4889 -0.5831
1513049713.832161903 0.0234 0.0097 0.8402 0.5417 -37.0507 186.8890 -0.6676
1513049713.936990976 0.0225 0.0094 0.8404 0.5414 -37.2324 187.3274 -0.5747
1513049714.041826963 0.0224 0.0095 0.8408 0.5409 -37.4017 187.7188 -0.6264
1513049714.146672010 0.0198 0.0120 0.8422 0.5387 -37.5590 188.1274 -0.4995
1513049714.251585960 0.0210 0.0123 0.8423 0.5385 -37.7418 188.5478 -0.5778
1513049714.356354952 0.0227 0.0114 0.8422 0.5385 -37.9073 188.9250 -0.5752
1513049714.461210012 0.0252 0.0102 0.8431 0.5371 -38.0801 189.3120 -0.6559
1513049714.566030979 0.0269 0.0085 0.8437 0.5361 -38.2415 189.6873 -0.5996
1513049714.670869112 0.0265 0.0088 0.8441 0.5354 -38.4007 190.0743 -0.6565
1513049714.775702000 0.0230 0.0099 0.8446 0.5349 -38.5216 190.4187 -0.5482
1513049714.880543947 0.0207 0.0104 0.8443 0.5354 -38.6901 190.8030 -0.4667
1513049714.985640049 0.0193 0.0099 0.8446 0.5349 -38.8522 191.1667 -0.5423
1513049715.090218067 0.0192 0.0100 0.8448 0.5347 -39.0098 191.5414 -0.6205
1513049715.195056915 0.0178 0.0102 0.8445 0.5352 -39.1614 191.9148 -0.5500
1513049715.299897909 0.0164 0.0107 0.8449 0.5346 -39.3203 192.3092 -0.5898
1513049715.404720068 0.0161 0.0105 0.8456 0.5335 -39.4718 192.6763 -0.6707
1513049715.509579897 0.0172 0.0114 0.8443 0.5354 -39.6261 193.0453 -0.5827
1513049715.614403963 0.0175 0.0108 0.8441 0.5358 -39.7817 193.3876 -0.6662
1513049715.719260931 0.0179 0.0097 0.8440 0.5359 -39.9282 193.7387 -0.7418
