1513047923.814076900482 0.000000000000 -0.000000000000 0.000000000000 1.000000000000 0.000000000000 0.000000000000 0.000000000000
1513047924.023734092712 0.003924486147 -0.000229154380 0.017151243164 0.999845178392 0.059465222061 0.000427126273 -0.012394025922
1513047924.233407020569 0.003150859417 -0.000891368093 0.016842885626 0.999852786540 0.055799558759 -0.000406567386 -0.016757139936
1513047924.443089008331 0.003787411838 0.000041275709 0.016918892573 0.999849691145 0.051721166819 0.002431457397 -0.004749511369
1513047924.652762889862 0.003830332010 0.000020444892 0.016952806479 0.999848953838 0.049672052264 0.007118048612 -0.010519141331
1513047924.862468004227 0.003827522797 0.000051226798 0.017050488030 0.999847302493 0.045026745647 0.002537943190 -0.011034041643
1513047925.072156906128 0.003624389911 -0.000033613275 0.016881989723 0.999850919433 0.047689288855 0.003789284732 -0.012530365959
1513047925.281790018082 0.003236626567 0.000134038302 0.017386058967 0.999843603388 0.052918490022 0.002431251807 0.001964662457
1513047925.491487979889 0.003622230321 -0.000130219854 0.017295538316 0.999843851231 0.044210303575 0.002530471887 -0.010330001824
1513047925.701168060303 0.003422614783 0.000023778386 0.017120923310 0.999847567946 0.038406804204 -0.001163937384 -0.005126801319
1513047925.910841941833 0.003137988825 0.000748731071 0.017872464782 0.999835070114 0.032655097544 -0.010389996693 0.004880001303
1513047926.120510101318 0.003784608296 0.000421762852 0.017421499334 0.999840982465 0.034582901746 -0.001043383381 0.003375240834
1513047926.330193042755 0.002990107254 -0.000595284886 0.017686373128 0.999838935579 0.049570746720 -0.010775340721 -0.014964058995
1513047926.539892911911 0.003875221195 -0.000099730532 0.017254494213 0.999843615344 0.037959497422 0.005107130390 0.000890517840
1513047926.749588966370 0.003563732683 0.000014738563 0.017399863223 0.999842259735 0.038475293666 0.004978772718 -0.004330310039
1513047926.959256887436 0.003569776036 0.000041299402 0.016953469923 0.999849906161 0.033557400107 0.003416072577 -0.003637148067
1513047927.168971061707 0.003520191833 -0.000524582098 0.017168927712 0.999846268675 0.042411979288 0.008274847642 -0.004575993866
1513047927.378591060638 0.003576063762 -0.000161530346 0.017367199871 0.999842770662 0.048671897501 -0.001933494932 -0.004982063081
1513047927.588248968124 0.003789953174 -0.000406433536 0.017136569524 0.999845892651 0.040396936238 -0.002738898154 -0.015886534005
1513047927.797920942307 0.003301548171 0.000109049728 0.017452511869 0.999842236414 0.042586479336 -0.006221674848 0.001977697480
1513047928.007630109787 0.003313238141 0.000561321353 0.017725092514 0.999837250990 0.033871736377 -0.012860033661 0.009425819851
1513047928.217299938202 0.003543437770 0.000343207281 0.017650932890 0.999837872270 0.046072304249 -0.008271520026 0.000400313555
1513047928.426969051361 0.003103348174 0.000046220091 0.017216371106 0.999846970121 0.038861107081 -0.018596027046 -0.007358917966
1513047928.636640071869 0.003479780830 0.000025258472 0.017065796332 0.999848313037 0.036422785372 -0.008515720256 -0.001261505531
1513047928.846318006516 0.003308112014 0.000178901171 0.017465468318 0.999841978417 0.038409519941 -0.003462727414 -0.004448696040
1513047929.056005001068 0.003342986056 -0.000091083059 0.016797663827 0.999853316561 0.035017851740 -0.004009429831 -0.002757410286
1513047929.265691041946 0.003312145985 -0.000552443127 0.017457339665 0.999841970407 0.053727716208 -0.012932340614 0.000507113407
1513047929.475347042084 0.003794983544 -0.000218456676 0.017198032492 0.999844876996 0.042849496007 -0.001944119809 -0.009068057872
1513047929.685058116913 0.003229033450 -0.000189888371 0.016770212511 0.999854137991 0.038732908666 -0.001803869032 0.001055758563
1513047929.894695043564 0.004340960970 -0.000303837398 0.017432908471 0.999838565691 0.039722446352 -0.006674051750 -0.020433465019
1513047930.104429006577 0.003848555259 0.000708275816 0.017283258171 0.999842975649 0.036271013319 -0.008800220676 0.017583845183
1513047930.314074039459 0.004863290851 0.000081111097 0.017881363887 0.999828284581 0.026081733406 -0.011243516579 0.009308656678
1513047930.523745059967 0.003917552634 -0.000130092599 0.017519268790 0.999838842553 0.028037751094 -0.008079447784 0.003626111429
1513047930.733462095261 0.004176709278 -0.000623594978 0.016935552910 0.999847665035 0.033014897257 -0.003936350346 0.008850060403
1513047930.943089008331 0.003996050754 -0.000185564804 0.017259037175 0.999843049073 0.035152491182 -0.010466475971 0.006504348945
1513047931.152775049210 0.003376661672 -0.000140239675 0.017280514759 0.999844969132 0.040288362652 -0.014720548876 0.001805343665
1513047931.362452030182 0.003823363131 0.000189644841 0.016836121369 0.999850934363 0.029301065952 -0.009632232599 -0.005491374061
1513047931.572124958038 0.003823207562 -0.000321701353 0.017033472019 0.999847558592 0.032142437994 -0.010522716679 -0.006514017005
1513047931.781816005707 0.003753491302 0.000358316857 0.017568529355 0.999838551811 0.045674212277 -0.011977808550 0.005165801384
1513047931.991486072540 0.003402277836 0.000063139492 0.017081218832 0.999848314737 0.035380650312 -0.006602874026 0.004438437987
1513047932.201186895370 0.003973226536 -0.000211319744 0.016689932931 0.999852796642 0.025165380910 0.000942224695 -0.007676580921
1513047932.410844087601 0.003903853443 -0.000171628251 0.017120067940 0.999845804985 0.028364624828 -0.006771494634 0.002990120323
1513047932.620505094528 0.003680391962 -0.000375135998 0.017149558336 0.999846091475 0.030729649588 -0.015171336941 0.003232921707
1513047932.830183982849 0.003770057367 -0.000071837340 0.017199600383 0.999844965609 0.030605643988 -0.016912160441 0.005262565799
1513047933.040074110031 0.003471128503 -0.000229248775 0.017017316251 0.999849143451 0.020377386361 -0.014898071066 0.001657793648
1513047933.459264993668 0.003504625322 -0.000050280402 0.016922558661 0.999850659890 0.028790686280 -0.017479432747 0.005025160499
1513047933.669079065323 0.003429099999 0.000327450451 0.016851339832 0.999852072256 0.025033930317 -0.013180591166 0.003520727856
1513047933.878752946854 0.003631151586 0.000427998331 0.016864183625 0.999851104348 0.025657618418 -0.009947123006 0.001270028646
1513047934.088294982910 0.003464162977 -0.000024018175 0.016973307401 0.999849941658 0.038032449782 -0.007694635075 -0.000391024165
1513047934.297945976257 0.003204131900 0.000038543946 0.017015479876 0.999850091513 0.030838008970 -0.012777253985 0.006157258991
1513047934.507621049881 0.002656976219 0.000799029866 0.016998919767 0.999851658375 0.040092431009 -0.013391904533 0.019365562126
1513047934.717339038849 0.003152437284 -0.000632637442 0.017075335146 0.999849036024 0.036527104676 -0.013112906367 -0.009513442405
1513047934.926987886429 0.003487433159 -0.000044597880 0.017101374256 0.999847677809 0.036879673600 -0.009535146877 0.002024720656
1513047935.136657953262 0.002365767370 -0.001294084533 0.016601845420 0.999858543604 0.057479206473 -0.013668359257 -0.014260653406
1513047935.346359014511 0.003409053375 -0.000094681796 0.017105775364 0.999847869348 0.022355403751 -0.005672584753 -0.001191150164
1513047935.556024074554 0.003577864581 -0.000282496903 0.016578473231 0.999856126303 0.034402407706 -0.006901510525 -0.002282207599
1513047935.765701055527 0.003291306776 0.000284558536 0.017292716030 0.999845012139 0.044227782637 -0.007317655720 0.004205297213
1513047935.975378990173 0.003594084584 0.000005296544 0.017283370678 0.999844171672 0.039782855660 -0.006619217806 0.004132998642
1513047936.185056924820 0.003700444353 0.000082965101 0.017482311214 0.999840321563 0.055250719190 -0.003952527419 -0.000357733574
1513047936.394726037979 0.003580912365 0.000254695236 0.017032701206 0.999848488165 0.051663126796 -0.005920468830 0.007911445573
1513047936.604394912720 0.003460804335 -0.000579377417 0.017354002850 0.999843250585 0.033879041672 -0.013635063544 -0.006971833762
1513047936.814099073410 0.003404181106 -0.000154854680 0.017421962976 0.999842418973 0.028381844983 -0.014642609283 0.000404080842
1513047937.023768901825 0.003982407782 0.000527787717 0.016796093212 0.999850865440 0.054325424135 -0.004872842692 0.010744716972
1513047937.233424901962 0.003773041245 -0.000347812500 0.017207621527 0.999844758424 0.039375390857 -0.007771140896 0.005141930189
1513047937.443097114563 0.003924032605 -0.000141728942 0.017125332155 0.999845640526 0.027384852991 -0.007116167340 0.007537396625
1513047937.652785062790 0.003438102143 0.000109657874 0.016853656472 0.999852049902 0.028677484021 -0.010973800905 0.000602622225
1513047937.862493038177 0.003525769493 0.000192854970 0.016996141175 0.999849320119 0.033455587924 -0.010050036944 0.005866735708
1513047938.072139978409 0.003529486811 -0.000106376800 0.016631850892 0.999855446023 0.027848880738 -0.001777811442 0.003087580204
1513047938.281816959381 0.003472287536 -0.000078037816 0.017147138261 0.999846944676 0.038784909993 -0.013815788552 0.004099161830
1513047938.491477966309 0.003645826599 -0.000278037986 0.016935915269 0.999849891442 0.024229099974 -0.013767803088 -0.001018593321
1513047938.701169013977 0.003408766562 0.000044614645 0.017131094249 0.999847440328 0.032851062715 -0.011988622136 0.007462095935
1513047938.910856008530 0.003584832245 0.000210786622 0.017044509264 0.999848283116 0.044497992843 -0.013260551728 0.006954486948
1513047939.120516061783 0.003529807678 -0.000514559315 0.016919962194 0.999850484105 0.023991543800 -0.008673705161 0.001182395616
1513047939.330208063126 0.003017410860 -0.000212962071 0.016891987655 0.999852744474 0.028805667534 -0.007679969072 0.002120777499
1513047939.539889097214 0.003704884983 0.000097268695 0.017033938485 0.999848043107 0.028270453215 -0.011387401260 0.008316768333
1513047939.749819993973 0.003406767897 -0.000223108672 0.016797957751 0.999853075592 0.026519000530 -0.014000934549 0.007132942788
1513047939.959242105484 0.003406024178 -0.000089720753 0.017053777052 0.999848768383 0.028916267678 -0.013668240048 0.002301299945
1513047940.168916940689 0.003574289394 -0.000394831014 0.017013151625 0.999848799187 0.021737068892 -0.011657981202 0.005194307305
1513047940.378678083420 0.003565453376 -0.000189451048 0.017449549379 0.999841369857 0.027595214546 -0.018785253167 -0.000020517191
1513047940.588335990906 0.003391486568 -0.000206193611 0.017425428149 0.999842392458 0.034039262682 -0.017082484439 0.006151187699
1513047940.797930955887 0.003344875024 -0.000324796527 0.017012060696 0.999849636750 0.040184792131 -0.006044939626 0.000470436149
1513047941.007646083832 0.003421930802 0.000076868411 0.018165350293 0.999829137668 0.034995753318 -0.037607800215 0.009088268504
1513047941.217344045639 0.003490830735 0.000174818141 0.016918216491 0.999850767610 0.033107426018 -0.007499400992 0.012279735878
1513047941.427004098892 0.003527763788 0.000031077210 0.017780167923 0.999835696275 0.022527813911 -0.007596686017 0.007424561772
1513047941.636660099030 0.002067571465 -0.001121820121 0.016709961249 0.999857611794 0.056508801877 -0.014766940847 -0.018427670002
1513047941.846374034882 0.003545236195 -0.000099151887 0.017062722538 0.999848130952 0.031941886991 -0.005774970632 0.007121768314
1513047942.056035041809 0.003554945209 -0.000187007052 0.016879971460 0.999851185905 0.037843432277 -0.012089543976 0.007939477451
1513047942.265693902969 0.003368984622 0.000289103943 0.017446832866 0.999842074722 0.040119763464 -0.009643896483 0.005456752144
1513047942.475395917892 0.003982703256 -0.000150827358 0.017202247204 0.999844086854 0.048437491059 -0.006362576503 -0.007701172493
1513047942.685065031052 0.003365227179 -0.000247581798 0.017177347301 0.999846764604 0.054877683520 -0.012809365988 0.003484440735
1513047942.894756078720 0.003467120797 -0.000209048892 0.016775809634 0.999853243023 0.046704553068 0.003658981761 -0.001050576800
1513047943.104402065277 0.004397981954 -0.000360451869 0.016904129917 0.999847377464 0.025143763050 0.000955699070 -0.005772087257
1513047943.314075946808 0.002895082915 -0.001295324185 0.016778006875 0.999854208930 0.028450833634 -0.013101206161 -0.015094961971
1513047943.523757934570 0.003707755638 0.000157313478 0.017892102718 0.999833036292 0.020073676482 -0.015751983970 0.010707271285
1513047943.733467102051 0.003572820081 -0.000058842510 0.017355865890 0.999842990381 0.032992199063 -0.008920194581 0.007422920782
1513047943.943160057068 0.003374595827 0.000317415525 0.017617929372 0.999839047005 0.028998516500 -0.007226751652 0.005575780291
1513047944.152872085571 0.003662700262 -0.000155711715 0.017037560205 0.999848129429 0.028345365077 -0.012560479343 0.010442975909
1513047944.362469911575 0.003625847467 -0.000385409755 0.016853449290 0.999851321916 0.032966524363 -0.012273875996 0.006395782344
1513047944.572154045105 0.003596802183 -0.000165547126 0.017325223867 0.999843423855 0.034309089184 -0.010451863520 0.009170131758
1513047944.781826019287 0.003637078856 0.000116663362 0.017169588306 0.999845969780 0.032958429307 -0.015550834127 0.009019047022
1513047944.991511106491 0.003581012377 -0.000337184963 0.016693580359 0.999854182884 0.018288139254 0.000330548937 0.002909948817
1513047945.201169013977 0.003475617113 -0.000335819754 0.017088336879 0.999847886457 0.025447573513 -0.011408559047 0.005402605515
1513047945.410846948624 0.003565285967 0.000053512066 0.017916821946 0.999833122758 0.024590088055 -0.021573362872 0.013344792649
1513047945.620543956757 0.004292983011 0.000246965722 0.016917247382 0.999847646417 0.034149277955 -0.006738183089 0.018896127120
1513047945.830219984055 0.003894901295 0.000262087161 0.017192067245 0.999844584862 0.025547994301 -0.008446132764 0.016337331384
1513047946.039904117584 0.002919091780 -0.000566369558 0.016995690042 0.999851141245 0.035155467689 -0.018791647628 0.002813261002
1513047946.249814033508 0.003519417863 -0.000012363505 0.017339525473 0.999843464949 0.023095376790 -0.008879991248 0.008034804836
1513047946.459239959717 0.003626176694 -0.000115639371 0.017225189682 0.999845053151 0.030288644135 -0.006418877281 0.013043724000
1513047946.668996095657 0.003438957182 -0.000304589839 0.017015581099 0.999849264039 0.035558298230 -0.008378310129 0.011361493729
1513047946.878772020340 0.003723200023 0.000278279535 0.017475021634 0.999840329233 0.025773923844 -0.013011563569 0.014351002872
1513047947.088280916214 0.003173561102 0.000158201837 0.016920750851 0.999851784853 0.028614308685 -0.007643367629 0.023063747212
1513047947.297945976257 0.003140433485 -0.000095955909 0.016792009867 0.999854067789 0.022447014228 -0.014702425338 0.011501799338
1513047947.717329025269 0.003403872687 0.000049023765 0.016975649271 0.999850108056 0.036667887121 -0.012535383925 0.011619300582
1513047947.926995038986 0.003777113419 0.000661909118 0.017165669574 0.999845305574 0.038330573589 -0.011586927809 0.014698951505
1513047948.136674880981 0.002642418924 -0.000721679179 0.016582416890 0.999858750150 0.046082623303 -0.019218003377 -0.001592928777
1513047948.346342086792 0.003159802544 0.000025627268 0.017151339240 0.999847911711 0.042601279914 -0.018895575777 0.003908571787
1513047948.556055068970 0.003445808070 -0.000023505417 0.017228154699 0.999845646357 0.056891068816 -0.006123357452 0.004774184898
1513047948.765742063522 0.003561688327 0.000026991158 0.017242751094 0.999844988577 0.052990935743 -0.009292747825 0.003256093012
1513047948.975402116776 0.003450996427 0.000063330903 0.017372101490 0.999843136048 0.056134797633 -0.013818560168 0.011503858492
1513047949.185070037842 0.003683589122 0.000056386790 0.017435339724 0.999841205852 0.062308814377 -0.007766085211 0.007530330680
1513047949.394774913788 0.003516907408 0.000080834474 0.017621407872 0.999838542372 0.064504034817 -0.018367717043 0.010224969126
1513047949.604425907135 0.003210977534 -0.000370674725 0.017282219321 0.999845426613 0.071358487010 -0.006610738579 0.001314963680
1513047950.023772954941 0.003481091427 -0.000096819533 0.018035227242 0.999831287371 0.019817201421 -0.022125745192 0.009962608106
1513047950.443120956421 0.003352341679 -0.000092822907 0.017074361488 0.999848598223 0.065579459071 -0.009592684917 0.003148206742
1513047950.652785062790 0.003079674922 0.000133519561 0.017255380526 0.999846363007 0.070983983576 -0.020295478404 -0.003859417047
1513047950.862481117249 0.003422835728 -0.000083069916 0.017493118541 0.999841121428 0.043788034469 -0.011299477890 0.012152287178
1513047951.072166919708 0.003381316339 -0.000300645989 0.017020704032 0.999849374629 0.030254853889 -0.012089991011 0.011724544689
1513047951.491534948349 0.003424975582 -0.000035277384 0.016896241467 0.999851381617 0.037028010935 -0.007145668380 0.014566351660
1513047951.701191902161 0.003786575408 -0.000084575388 0.016692265725 0.999853500748 0.037674479187 0.004314789549 0.010994665325
1513047951.910866975784 0.003569091701 -0.000293100741 0.017185729321 0.999845901319 0.032012656331 -0.012478346005 0.007718469948
1513047952.120553970337 0.003128970092 -0.000616957160 0.016849256377 0.999852954924 0.033130928874 -0.014136655256 0.002996398136
1513047952.330288887024 0.003266189367 -0.000629633385 0.017208690537 0.999846386471 0.036345601082 -0.017620047554 0.007343977690
1513047952.540033102036 0.002828846095 -0.000089100834 0.016996790346 0.999851538384 0.028988590464 -0.015265878290 0.004526664969
1513047952.749605894089 0.003393213264 -0.000366682634 0.017135270147 0.999847355432 0.027522645891 -0.012360224500 0.009967670776
1513047952.959254980087 0.003473169252 -0.000011908674 0.017317863503 0.999844002111 0.031368929893 -0.009999420494 0.012521310709
1513047953.168941020966 0.003139994042 -0.000306613727 0.017001856531 0.999850480472 0.025617323816 -0.015580592677 0.013439692557
1513047953.378623962402 0.003450279196 -0.000299461132 0.017249891719 0.999845211586 0.038724265993 -0.018163882196 0.009208163247
1513047953.797964096069 0.003412142916 0.000394115440 0.017613368218 0.999838972642 0.038952592760 -0.023706924170 0.021185163409
1513047954.007637977600 0.003677815799 0.000218393770 0.016761521303 0.999852727845 0.035501811653 -0.004989145324 0.016096016392
1513047954.427000999451 0.003358614267 0.000790003698 0.017408486442 0.999842507700 0.032017741352 -0.014483965933 0.011413366534
1513047954.636693954468 0.002528886453 -0.000971263812 0.016856649441 0.999854246753 0.050077226013 -0.020176742226 -0.001471965457
1513047954.846358060837 0.003328170250 -0.000282971608 0.017011391758 0.999849716588 0.044718135148 -0.013943176717 0.009833759628
1513047955.056035041809 0.003560398740 -0.000005072863 0.016780012442 0.999852866535 0.044218461961 -0.012157864869 0.006328867283
1513047955.265717029572 0.003528281042 -0.000117057962 0.017445947218 0.999841575679 0.053731054068 -0.011736260727 0.007594238035
1513047955.475384950638 0.003843904902 -0.000403843914 0.017206877539 0.999844480242 0.047429464757 -0.006348819938 -0.005431106314
1513047955.894740104675 0.003200505838 -0.000408191480 0.017142105033 0.999847857615 0.059495177120 -0.011479689740 0.002780167619
1513047956.104434967041 0.003257524147 -0.000263204672 0.017481099669 0.999841852702 0.066694445908 -0.026517441496 0.001483206986
1513047956.314099073410 0.003088264611 -0.000153311530 0.016412225543 0.999860529259 0.063019268215 -0.008870811202 0.000892146840
1513047956.523777008057 0.003435959005 -0.000249468418 0.016566972815 0.999856823432 0.064145497978 -0.013474371284 0.003299964126
1513047956.733457088470 0.003178479266 -0.000120305251 0.017198564614 0.999847034386 0.025222929195 -0.023159682751 0.009438433684
1513047956.943139076233 0.003493521563 -0.000152725019 0.017046871670 0.999848576610 0.021005472168 -0.010989214294 0.013612240553
1513047957.152815103531 0.003021623249 0.000629353753 0.017507675193 0.999841965021 0.018263770267 -0.007571627386 0.010989281349
1513047957.362541913986 0.003549891594 -0.000406204593 0.016995124015 0.999849188141 0.026353528723 -0.015400349163 0.015334962867
1513047957.572166919708 0.003677700740 0.000064931619 0.017275080779 0.999844008776 0.076991654932 -0.010904555209 0.000917140336
1513047957.781850099564 0.003191005595 -0.000020875939 0.016863791804 0.999852703939 0.018969284371 -0.014427341521 0.020094392821
1513047957.991522073746 0.003061273576 -0.000193206052 0.016836664375 0.999853548280 0.027502829209 -0.023583035916 0.016152231023
1513047958.201203107834 0.003394979922 -0.000175631634 0.016948208429 0.999850589586 0.024714756757 -0.014382805675 0.012935446575
1513047958.410876035690 0.003368317982 -0.000105704679 0.017517276126 0.999840881489 0.027316600084 -0.028486553580 0.012452264316
1513047958.620556116104 0.003494837731 -0.000462396155 0.016976928751 0.999849666795 0.027025040239 -0.016483226791 0.010895776562
1513047958.830250024796 0.003042201815 -0.000270254655 0.017198870004 0.999847423781 0.019173827022 -0.014078967273 0.010123241693
1513047959.249613046646 0.003256184506 -0.000164327138 0.017223099191 0.999846355753 0.029566099867 -0.009899343364 0.011080327444
1513047959.459305047989 0.003310385055 -0.000056828588 0.016932796794 0.999851148179 0.023558236659 -0.017964670435 0.012555887923
1513047959.668953895569 0.003527092928 -0.000239944339 0.017082382266 0.999847835552 0.029427444562 -0.013876341283 0.012072865851
1513047959.878650903702 0.003006973443 -0.000161249016 0.017305213033 0.999845718954 0.026764301583 -0.026763096452 0.020233502612
1513047960.088329076767 0.003284374940 -0.000083737539 0.017101700308 0.999848357360 0.022073769942 -0.017088104039 0.017999427393
1513047960.298104047775 0.003428649563 -0.000279336317 0.017286113221 0.999844666247 0.034774996340 -0.010656598024 0.009334586561
1513047960.507682085037 0.003818471577 0.000202357314 0.017877374557 0.999832874937 0.030756544322 -0.023426854983 0.017929717898
1513047960.717329978943 0.003052085906 -0.000299052782 0.016544295119 0.999858430798 0.032015237957 -0.019605262205 0.007855086587
1513047961.136684894562 0.003638134998 -0.000316326321 0.016588227228 0.999855736908 0.047128118575 -0.014821130782 0.012449264526
1513047961.346369028091 0.003670618939 -0.000236672933 0.016946647296 0.999849629538 0.053115878254 -0.006493153982 0.005588653963
1513047961.556054115295 0.003526594906 -0.000316774568 0.017158638581 0.999846510173 0.043896723539 -0.007627869025 0.007068976294
1513047961.975440025330 0.003551558000 -0.000362384485 0.017212204658 0.999845485625 0.057645365596 -0.014740521088 0.003857422853
1513047962.185069084167 0.003628607132 -0.000312680355 0.017017671398 0.999848555683 0.060315508395 -0.012025361881 0.001038557733
1513047962.394767045975 0.003395435047 0.000030224222 0.017287321582 0.999844797266 0.060483440757 -0.020122747868 0.012099759653
1513047962.814105987549 0.003466764503 -0.000050487791 0.016353216573 0.999860265888 0.073261760175 -0.013458918780 0.006046874914
1513047963.023791074753 0.003452448125 -0.000246603611 0.017158879522 0.999846784584 0.019713895395 -0.024713112041 0.014669534750
1513047963.233458042145 0.003276532999 -0.000476631841 0.016790135324 0.999853553531 0.020903242752 -0.022816538811 0.009194525890
1513047963.443145036697 0.003477421181 -0.000323929822 0.016892541239 0.999851211262 0.025397432968 -0.022148756310 0.009740573354
1513047963.652826070786 0.003786948903 -0.000466337676 0.016955616957 0.999848962894 0.019406517968 -0.018689919263 0.012463028543
1513047963.862483024597 0.003317730490 0.000113824302 0.017523524458 0.999840940249 0.031442683190 -0.014408344403 0.013399464078
1513047964.072453975677 0.003549744032 -0.000153718005 0.016917826437 0.999850570254 0.014880191535 -0.018059512600 0.011660815217
1513047964.281852960587 0.003361345566 -0.000397982160 0.016897525677 0.999851497270 0.014593059197 -0.010683860630 0.011836195365
1513047964.491533041000 0.003320630480 -0.000359623561 0.017135396492 0.999847599523 0.015463417396 -0.022320622578 0.015157999471
1513047964.910883903503 0.003189500289 -0.000839448228 0.016612984981 0.999856555284 0.020818741992 -0.013797621243 0.003286516294
1513047965.120557069778 0.003455104814 -0.000575617099 0.016972940272 0.999849813829 0.020364973694 -0.015832979232 0.012583043426
1513047965.330249071121 0.003531293328 0.000142512318 0.016647391042 0.999855176528 0.022335728630 -0.011898162775 0.017545424402
1513047965.539922952652 0.003522044649 -0.000372679103 0.016645397883 0.999855183035 0.023511033505 -0.019633406773 0.014805641025
1513047965.749603033066 0.003734544941 -0.000491807749 0.016596384604 0.999855175172 0.015463215299 -0.017247080803 0.017578460276
1513047965.959284067154 0.003273091850 -0.000824551173 0.017110955491 0.999847899526 0.030032861978 -0.019086780027 0.020568177104
1513047966.168956041336 0.003301645266 -0.000598981515 0.017132309032 0.999847600561 0.023503631353 -0.017595188692 0.015969688073
1513047966.378627061844 0.003562074789 -0.000164176533 0.016710440813 0.999854012262 0.013974503614 -0.013053648174 0.014402002096
1513047966.588326931000 0.003243837375 -0.000614151709 0.016912664188 0.999851520040 0.024441411719 -0.015639111400 0.008501697332
1513047966.798012971878 0.003493010635 -0.000605431464 0.016411644534 0.999859035191 0.018370755017 -0.008112647571 0.007632814348
1513047967.007800102234 0.003285932956 -0.000364800887 0.016747999529 0.999854276421 0.034568544477 -0.019206285477 0.006556815468
1513047967.217334985733 0.002428512364 -0.001273710281 0.016206780355 0.999864901004 0.037513952702 -0.013882374391 -0.004508756101
1513047967.636693000793 0.003370834326 -0.000276978469 0.017143546708 0.999847318127 0.057121630758 -0.029778117314 0.004502526950
1513047967.846380949020 0.003378366218 -0.000352744752 0.016758078377 0.999853803824 0.037686221302 -0.022726757452 0.011286595836
1513047968.056077003479 0.003600595181 -0.000332661875 0.017267214513 0.999844372067 0.045291960239 -0.014548233710 0.011005387641
1513047968.265753030777 0.003476784233 -0.000313097489 0.016978802620 0.999849755815 0.038255374879 -0.011419693008 0.010829770006
1513047968.475440979004 0.003405890271 0.000062913358 0.017383146275 0.999843098780 0.056900035590 -0.021465612575 0.016284128651
1513047968.685111999512 0.003400783167 -0.000182784916 0.016964945460 0.999850284737 0.054517600685 -0.014192211442 0.008926784620
1513047968.894771099091 0.003641367979 -0.000095905469 0.017191058411 0.999845587454 0.062719061971 -0.016857553273 0.006276347674
1513047969.314121007919 0.003114964027 -0.000325919262 0.016756030353 0.999854702556 0.068072557449 -0.023614309728 -0.000014242398
1513047969.733532905579 0.002483873183 -0.000699912064 0.016207457490 0.999865320340 0.072839312255 -0.018852422014 -0.006138606928
1513047970.152847051620 0.003753542378 -0.000277477238 0.017071281186 0.999847190967 0.014776210301 -0.027651473880 0.016019519418
1513047970.362504005432 0.003223090926 -0.000337902519 0.016962955138 0.999850866710 0.014088803902 -0.020399019122 0.016524394974
1513047970.781862974167 0.003323381111 -0.000178554467 0.017210821142 0.999846343641 0.011609330773 -0.014934629202 0.020766662434
1513047970.991544961929 0.003565612041 -0.000252309113 0.016971319570 0.999849587219 0.020430427045 -0.023407323286 0.013684922829
1513047971.410878896713 0.003444702770 -0.000439569736 0.017373887853 0.999843032092 0.068310216069 -0.024543158710 0.001703670248
1513047971.620575904846 0.003696936200 -0.000286849226 0.017439554972 0.999841043518 0.097343832254 -0.023457122967 0.002202448668
1513047971.830235004425 0.003078016686 -0.000526427985 0.018067836815 0.999831886849 0.129748910666 -0.021816279739 -0.008024493232
1513047972.039916992188 0.003158919640 -0.000676361843 0.017169651736 0.999847371763 0.184772089124 -0.042107846588 -0.014979527332
1513047972.249603986740 0.003791825961 -0.000395602860 0.017412117821 0.999841129234 0.246147334576 -0.014939869754 -0.019102724269
1513047972.669013023376 0.003535845788 -0.000461862072 0.017543839996 0.999839736236 0.436271876097 -0.009501248598 -0.047337006778
1513047973.088320016861 0.002671536602 -0.000848650514 0.017678666497 0.999839790884 0.791566967964 -0.019904864952 -0.085569165647
1513047973.507700920105 0.002307490276 -0.001783323118 0.017722442477 0.999838692130 1.258892893791 -0.010614794679 -0.130214616656
1513047973.927025079727 0.001215066490 -0.001670749947 0.018907699479 0.999819099192 1.789339303970 -0.026408150792 -0.140211537480
1513047974.346385955811 0.001030114061 -0.001573519181 0.019473815222 0.999808598394 2.402581691742 -0.014325894415 -0.144436955452
1513047974.765774965286 0.001400277341 -0.002549210063 0.020026807374 0.999795212900 3.081579923630 -0.013515830040 -0.174495726824
1513047975.394819021225 0.001815999339 -0.003600939362 0.020072513642 0.999790392822 4.216437816620 -0.027056585997 -0.186552420259
1513047976.023813009262 0.004685614550 -0.002823853911 0.019516069423 0.999794575850 5.408990383148 -0.017528830096 -0.188004210591
1513047976.652849912643 0.005222696041 -0.003179022440 0.020697432649 0.999767089648 6.576850414276 0.015962222591 -0.179944545031
1513047977.281887054443 0.005825332900 -0.003290521713 0.021619902188 0.999743876097 7.798725128174 0.022395169362 -0.193895682693
1513047977.910995006561 0.005412184895 -0.003770751464 0.022089924506 0.999734227144 9.051685333252 0.027309581637 -0.218086749315
1513047978.539920091629 0.005910562947 -0.003787026913 0.022276076806 0.999727212831 10.329928398132 0.039941314608 -0.228649735451
1513047979.168955087662 0.006499447523 -0.003672420491 0.022532592759 0.999718236691 11.622413635254 0.076509088278 -0.230679139495
1513047979.798013925552 0.005736544497 -0.003471183779 0.024015434887 0.999689102585 13.000713348389 0.075828023255 -0.233668953180
1513047980.427036046982 0.005556799094 -0.003321656426 0.025229590744 0.999660720611 14.390864372253 0.103153802454 -0.256493598223
1513047981.056113004684 0.005548140078 -0.003175656741 0.026094087044 0.999639050842 15.886186599731 0.144925013185 -0.267105787992
1513047981.685106039047 0.005864867839 -0.003918610846 0.025274480684 0.999655664937 17.415117263794 0.177085310221 -0.293452590704
1513047982.314147949219 0.005293716156 -0.003283367124 0.025795295437 0.999647837392 19.069042205811 0.191916421056 -0.296027660370
1513047982.943197011948 0.004874103522 -0.001801174870 0.028183001382 0.999589274311 20.670469284058 0.216004610062 -0.277825355530
1513047983.572186946869 0.007125532094 0.000174366074 0.029441876460 0.999541080846 22.388843536377 0.248184815049 -0.274226784706
1513047983.991585969925 0.006301990985 -0.001523524273 0.030414747438 0.999516336496 23.599782943726 0.281539708376 -0.308380544186
1513047984.410901069641 0.008389365674 -0.000543963096 0.031777203794 0.999459619978 24.815488815308 0.305120199919 -0.318077802658
1513047985.039936065674 0.007149497461 -0.001508531690 0.033251937984 0.999420290788 26.711765289307 0.366988152266 -0.350638210773
1513047985.459291934967 0.006362569995 -0.001160012625 0.033698304840 0.999411124775 28.004758834839 0.417594015598 -0.365098357201
1513047986.088329076767 0.006197669547 -0.002074901037 0.034447396013 0.999385141267 29.865526199341 0.478441864252 -0.377570092678
1513047986.717504024506 0.006451197415 -0.001409895361 0.036462273251 0.999313212600 31.745435714722 0.532035112381 -0.385213881731
1513047987.136773109436 0.004640774696 -0.002391304151 0.035855135232 0.999343361489 33.047882080078 0.582572042942 -0.418406873941
1513047987.556077957153 0.005404906121 -0.001855227641 0.037222862149 0.999290650238 34.375549316406 0.652803838253 -0.435267537832
1513047987.975450992584 0.005056597764 -0.002323142096 0.038140559282 0.999256889677 35.724884033203 0.708052515984 -0.452687352896
1513047988.604466915131 0.004904814304 -0.003043524025 0.038728984548 0.999233078673 37.812431335449 0.781778395176 -0.470913529396
1513047989.233519077301 0.004656763867 -0.002452412265 0.038900977696 0.999229210021 39.924633026123 0.880170762539 -0.490959197283
1513047989.653902053833 0.005108813124 -0.002399844330 0.040379240162 0.999168483160 41.207500457764 0.934849381447 -0.478162527084
1513047990.072196960449 0.005339902925 -0.002420785451 0.042028529346 0.999099208265 42.596462249756 1.022945284843 -0.507121920586
1513047990.701260089874 0.005764736158 -0.002741953507 0.042435859871 0.999078799347 44.568359375000 1.102426290512 -0.520858347416
1513047991.120598077774 0.005480761279 -0.001800689895 0.042301563423 0.999088232592 45.922565460205 1.178882837296 -0.519097387791
1513047991.539952993393 0.006329951176 -0.003178406990 0.042991466606 0.999050330687 47.278747558594 1.254813671112 -0.532568097115
1513047991.959304094315 0.006554768398 -0.003026534796 0.042838274674 0.999055933029 48.661941528320 1.331305146217 -0.528383910656
1513047992.378658056259 0.004884211834 -0.000359158493 0.042562119230 0.999081819215 50.069351196289 1.404099941254 -0.523560047150
1513047992.798023939133 0.005003115615 -0.000864667141 0.042050761641 0.999102574629 51.466701507568 1.463200926781 -0.554565548897
1513047993.427206039429 0.002798102220 -0.002624837780 0.038643851746 0.999245682289 53.609226226807 1.587181210518 -0.606397926807
1513047993.846412897110 0.003125513644 -0.000965250145 0.036126593086 0.999341867795 55.032985687256 1.655791401863 -0.616290211678
1513047994.265773057938 0.002849050114 0.000111105608 0.034520495913 0.999399922919 56.470176696777 1.729032635689 -0.623495161533
1513047994.894798040390 0.003142656407 0.002235007921 0.031843895885 0.999485414974 58.708976745605 1.807648420334 -0.640569806099
1513047995.523838996887 0.003087857022 -0.002621196338 0.029740734872 0.999549440077 60.998134613037 1.880027770996 -0.713003993034
1513047996.152847051620 0.004502156924 -0.005336433682 0.029833326469 0.999530502631 63.179576873779 1.918780803680 -0.704955995083
1513047996.781909942627 0.005752072744 -0.004173228024 0.029369257673 0.999543368009 65.420509338379 2.006594181061 -0.723946690559
1513047997.201246976852 0.004639553347 -0.002251403836 0.029545515235 0.999550132937 66.917640686035 2.046730756760 -0.709800779819
1513047997.830348014832 0.004023109347 -0.001507554700 0.030572009324 0.999523333452 69.171798706055 2.088846921921 -0.740060031414
1513047998.459352016449 0.004042000419 -0.002332339986 0.031689200320 0.999486876855 71.477569580078 2.151166915894 -0.767825365067
1513047999.088555097580 0.002336719386 -0.002892946676 0.034686203495 0.999391333707 73.811981201172 2.222201585770 -0.782198607922
1513047999.717448949814 0.003625061128 -0.003539830068 0.038552946645 0.999243713435 76.119956970215 2.296530246735 -0.847549140453
1513048000.346442937851 0.002897088913 -0.003259608481 0.039652467340 0.999204015035 78.499771118164 2.420396804810 -0.862176835537
1513048000.975446939468 0.002991650206 -0.002646184528 0.040104897266 0.999187492392 80.899932861328 2.540367841721 -0.899347782135
1513048001.604506969452 0.003946317020 -0.003976252496 0.040913723273 0.999146977800 83.310386657715 2.632539033890 -0.943768501282
1513048002.233520030975 0.003465603921 -0.011254641631 0.041534128673 0.999067684787 85.617164611816 2.764822006226 -0.978717863560
1513048003.072227954865 0.005095535014 -0.018644481580 0.041191886792 0.998964287296 88.605155944824 2.900534391403 -0.918994069099
1513048003.701267004013 0.002372560174 -0.002845303821 0.041589769482 0.999127902863 90.729652404785 3.003116369247 -0.795543253422
1513048004.330295085907 0.002666646097 -0.001122939058 0.041571100984 0.999131358516 92.866912841797 3.122852087021 -0.808965086937
1513048004.959326982498 0.001216643902 0.005529501681 0.041749545056 0.999112065725 95.052490234375 3.230387449265 -0.800753176212
1513048005.588530063629 -0.000012684525 0.004752068201 0.042496298411 0.999085322837 97.263458251953 3.365222692490 -0.850172877312
1513048006.217385053635 -0.001234726910 0.003727888733 0.042487408663 0.999089284499 99.425872802734 3.464600563049 -0.899379432201
1513048006.636885881424 -0.001160564848 0.005206390522 0.042728606249 0.999072476247 100.903793334961 3.561585903168 -0.935497820377
1513048007.265791893005 0.001544482143 0.004663319571 0.042539502525 0.999082708664 103.105781555176 3.689998865128 -0.974128425121
1513048007.894805908203 0.001321320911 0.006924680908 0.042857531831 0.999056322171 105.317420959473 3.793662786484 -1.016757011414
1513048008.523838043213 -0.000848770962 0.010117976204 0.040329274310 0.999134853650 107.432472229004 3.917396545410 -1.055271744728
1513048009.152880907059 0.000117534026 0.009595724373 0.038525648683 0.999211530484 109.381889343262 3.999589443207 -1.083352446556
1513048009.782535076141 0.000512039845 0.008782392830 0.040887669878 0.999125020127 111.370521545410 4.108597755432 -1.202121138573
1513048010.410954952240 0.001738397272 0.010749934657 0.044672451902 0.998942335133 113.129592895508 4.169580459595 -1.203931808472
1513048011.040003061295 0.002525128450 0.010233514113 0.057694437216 0.998278643881 114.906295776367 4.244630813599 -1.271838068962
1513048011.459321022034 0.004280862738 0.008549903841 0.072534424954 0.997320074277 116.065895080566 4.336125373840 -1.312687039375
1513048011.878722906113 0.006548646986 0.011972128773 0.090901130825 0.995766422295 117.234718322754 4.414356231689 -1.355576395988
1513048012.507735967636 0.004981545536 0.022246434477 0.121699225823 0.992305184301 118.859222412109 4.621044635773 -1.346421599388
1513048012.927077054977 0.008909026936 0.022152641950 0.147846767542 0.988722015038 119.960929870605 4.810284137726 -1.392803668976
1513048013.556129932404 0.005690392489 0.032324430372 0.196756114856 0.979902945144 121.605056762695 5.178803920746 -1.396241188049
1513048013.975502967834 0.005424337773 0.031847449426 0.233669265270 0.971779291297 122.711631774902 5.543548583984 -1.486392140388
1513048014.604542016983 -0.001797573976 0.028082937087 0.286615183628 0.957632421071 124.320182800293 6.272916316986 -1.607376456261
1513048015.233557939529 0.004046309958 0.017560970269 0.342419694314 0.939374255899 125.964080810547 7.217371940613 -1.716608166695
1513048015.652893066406 -0.000956617247 0.014789977977 0.382684118566 0.923760362233 126.956573486328 7.919506072998 -1.825607299805
1513048016.072241067886 -0.003607477389 0.014908398559 0.422507828085 0.906229474784 128.000961303711 8.800973892212 -1.882451653481
1513048016.491614103317 -0.002828459481 0.015129200195 0.457164488485 0.889248973903 128.980041503906 9.825151443481 -1.952376365662
1513048017.120625019073 -0.000934690919 0.018277590841 0.506013906597 0.862331132661 130.325851440430 11.532000541687 -2.031176567078
1513048017.749654054642 0.001550508689 0.015579883265 0.550956630526 0.834386993211 131.541412353516 13.489498138428 -2.153453350067
1513048018.169053077698 0.000022695544 0.015346487940 0.578469580061 0.815559580740 132.262649536133 14.909652709961 -2.207555055618
1513048019.007734060287 0.008686400371 0.014357193534 0.629651813039 0.776696215891 133.417816162109 17.970705032349 -2.354916334152
1513048019.846443891525 0.010744992892 0.021452571155 0.675208751038 0.737236376504 134.167282104492 21.262954711914 -2.394894599915
1513048021.314196109772 0.012749077877 0.003294130718 0.726450075350 0.687093077930 133.586135864258 26.235218048096 -5.792445659637
1513048022.991597890854 -0.029218902105 0.119376981643 0.724504818308 0.678224269885 133.396697998047 33.859458923340 -11.542498588562
1513048024.669030904770 -0.012645933901 0.101790003811 0.719477606006 0.686899446743 132.437744140625 40.223136901855 -18.938955307007
1513048025.088387966156 -0.012465005768 0.100760864945 0.719094391872 0.687455545694 132.378540039062 42.032924652100 -19.280170440674
1513048025.927089929581 -0.012724811257 0.098599120938 0.718569307617 0.688312750630 132.272369384766 45.550315856934 -19.900772094727
1513048027.394833087921 -0.065942136945 0.135023325720 0.721663578275 0.675738126701 131.596130371094 50.766155242920 -26.054813385010
1513048029.281919002533 -0.042734987465 0.116673453737 0.738385521728 0.662833197224 130.615615844727 56.392402648926 -34.684597015381
1513048030.959376096725 -0.181234062526 0.301056154938 0.795755775559 0.493246542633 129.559814453125 61.800827026367 -42.119598388672
1513048033.056144952774 -0.154103020057 0.292832648297 0.802011765462 0.497270979809 125.929153442383 62.943305969238 -53.175346374512
1513048034.943229913712 -0.141685789755 0.286447207532 0.806874524437 0.496816501431 122.426254272461 64.298332214355 -62.737564086914
1513048036.410991907120 -0.163848700475 0.316660123878 0.804318413042 0.475343938364 119.336593627930 66.170799255371 -70.093360900879
1513048037.878730058670 -0.299699934558 0.386662004331 0.758888203971 0.429838501656 115.897209167480 67.211097717285 -77.965126037598
1513048039.556308984756 -0.310840915235 0.390443871606 0.762811477673 0.411157096584 113.419090270996 65.230941772461 -87.382843017578
1513048041.233572959900 -0.309288379254 0.384102321453 0.763785815810 0.416458080340 111.182312011719 62.780170440674 -96.441314697266
1513048042.911003112793 -0.370025490527 0.442628671945 0.739961510897 0.345858291101 108.807373046875 60.839714050293 -105.970077514648
1513048044.588422060013 -0.423836950699 0.553520612625 0.622188676309 0.356171899080 106.786132812500 56.884956359863 -114.125694274902
1513048046.056162118912 -0.453125844669 0.553220779217 0.613399514157 0.335208553541 106.017272949219 51.974617004395 -119.693756103516
1513048047.733555078506 0.440595372699 -0.550501397987 -0.619661029743 -0.344737779463 105.418083190918 45.351604461670 -126.142967224121
1513048048.572274923325 0.457867266025 -0.571320319143 -0.601877801933 -0.318894608260 104.420028686523 42.089015960693 -129.701766967773
1513048049.830364942551 0.457280637501 -0.572770586712 -0.600321169087 -0.320066817258 103.064384460449 37.576797485352 -135.497421264648
1513048051.088449954987 0.492038426385 -0.609505926993 -0.535910273448 -0.314961728998 101.701728820801 32.720970153809 -141.479827880859
1513048052.556210041046 0.497043613944 -0.619793050723 -0.525819823515 -0.303838334170 100.400634765625 27.027214050293 -148.200454711914
1513048053.814240932465 0.520032605694 -0.626137616914 -0.503367488767 -0.290067138700 99.025314331055 21.390602111816 -153.633529663086
1513048055.281965017319 0.577288417943 -0.665711153996 -0.411007276583 -0.233751493150 98.048973083496 13.528305053711 -158.690307617188
1513048056.959405899048 0.568976424278 -0.682121184050 -0.385163671020 -0.250250805018 97.608688354492 3.628603458405 -161.769226074219
1513048058.636815071106 0.565336116498 -0.678294208349 -0.397051133984 -0.250324667790 96.795181274414 -5.906440258026 -164.130798339844
1513048059.265923976898 0.565290317894 -0.678465877359 -0.397370167670 -0.249455125425 96.251762390137 -7.580763339996 -166.329406738281
1513048060.314229011536 0.564067133793 -0.655802414202 -0.441788806368 -0.237853132560 95.972198486328 -12.451532363892 -168.719406127930
1513048061.991652965546 0.555256395182 -0.649664905277 -0.462187044691 -0.236662168882 95.775505065918 -21.371559143066 -171.317199707031
1513048062.620712995529 0.549992885513 -0.654249743483 -0.462409730167 -0.235886287191 95.151802062988 -22.739124298096 -173.529525756836
1513048064.088464975357 0.618294610983 -0.695352244163 -0.345145009529 -0.122767882465 94.715507507324 -30.458541870117 -175.984848022461
1513048066.394887924194 0.593647037116 -0.694517196185 -0.378139546317 -0.149129282966 95.068061828613 -44.529487609863 -176.541870117188
1513048068.281992912292 0.575610462968 -0.696012961876 -0.402849131849 -0.148159133334 95.326538085938 -54.931190490723 -176.971817016602
1513048069.959436893463 0.605642133825 -0.708543039230 -0.337999071904 -0.130080723731 95.175971984863 -64.280052185059 -177.820343017578
1513048071.636846065521 0.642483652938 -0.687909508549 -0.309589105087 -0.134721378287 95.398384094238 -73.348991394043 -177.034439086914
1513048073.104582071304 0.654468597244 -0.679180507598 -0.306003087642 -0.129409441981 95.879852294922 -80.441993713379 -176.985229492188
1513048074.362628936768 0.663226840245 -0.676777559540 -0.293601986222 -0.126095864198 96.347557067871 -86.502319335938 -177.290679931641
1513048075.620716094971 0.660389811555 -0.668006423690 -0.311206961207 -0.144232250204 96.719116210938 -91.673675537109 -179.219207763672
1513048076.878774881363 0.655043771844 -0.668498161859 -0.320691286675 -0.145550552083 96.908164978027 -98.293853759766 -180.248733520508
1513048078.136842012405 0.635434856622 -0.691645342941 -0.298453622892 -0.169631063076 97.147865295410 -103.924865722656 -181.520233154297
1513048079.395473957062 0.618884003346 -0.719047654971 -0.260860564005 -0.178619221893 96.415328979492 -109.791160583496 -182.344329833984
1513048080.862659931183 0.628987144000 -0.706860760334 -0.243355302874 -0.213310184348 96.025550842285 -117.387229919434 -183.424285888672
1513048082.330414056778 0.648301698699 -0.713026540805 -0.183175158715 -0.194280520901 95.575111389160 -126.478820800781 -183.694595336914
1513048083.798135042191 -0.667300355423 0.702112953428 0.138589775763 0.206253509874 95.212753295898 -134.816131591797 -184.104583740234
1513048085.056212902069 -0.663485605620 0.708388276560 0.114674130306 0.211713827151 94.947280883789 -140.652404785156 -185.158279418945
1513048086.523946046829 -0.672872081926 0.691998698467 0.091719892270 0.244884511651 94.736610412598 -149.008331298828 -184.989608764648
1513048087.991691112518 -0.664760559473 0.699858308352 0.101054275267 0.240997469384 93.987976074219 -157.879272460938 -183.705917358398
1513048088.830409049988 -0.661743723450 0.702257160140 0.082291218607 0.249315624954 94.015274047852 -161.553161621094 -185.403076171875
1513048090.298176050186 -0.662561944988 0.695509407944 0.072885547009 0.268264849641 93.572586059570 -169.413833618164 -186.204147338867
1513048091.556396961212 -0.656690858304 0.684666150412 0.046244612350 0.312811148984 93.451278686523 -176.115036010742 -186.687820434570
1513048092.814301013947 -0.654594080411 0.676102780888 0.015679592711 0.337854658010 93.135025024414 -182.874389648438 -187.161804199219
1513048093.862677097321 -0.652776309275 0.671161355050 -0.026333301958 0.350331389892 92.568473815918 -188.878341674805 -187.126968383789
