1513047923.814076900 0.000000000000 0.000000000000 0.000000000000
1513047924.023734093 -0.000000025091 -0.000000048180 0.000516455103
1513047924.338284016 -0.000000044752 -0.000000085942 0.000921205542
1513047924.652762890 -0.000000066092 -0.000000126927 0.001360510269
1513047925.072156906 -0.000002093095 0.003906087031 0.001741481014
1513047925.386679888 -0.000002101421 0.003906071037 0.001912908377
1513047925.805999041 0.007808365577 0.007816292473 0.002396273144
1513047926.120510101 0.007808324426 0.007816213449 0.003243334487
1513047926.539892912 0.007806234655 0.011722306884 0.004916229048
1513047926.854409933 0.007806134698 0.011722114942 0.006973684966
1513047927.273757935 -0.000006379769 0.011718068166 0.007292528100
1513047927.902780056 -0.000010329689 0.019530695966 0.005911916860
1513047928.217299938 -0.000010277802 0.019530795599 0.004843925705
