1513047923.814076900 0.000000000000 0.000000000000 0.000000000000
1513047924.023734093 -0.000000045330 -0.000000049467 0.000491424804
1513047924.443089008 -0.000000113508 -0.000000123872 0.001230511542
1513047924.652762890 -0.000000125503 -0.000000136970 0.001360510262
1513047924.967284918 -0.000001981783 0.003906071744 0.001766550198
1513047925.281790018 -0.000001996506 0.003906055681 0.001925992183
1513047925.491487980 -0.000001983974 0.003906069354 0.001790006061
1513047925.805999041 0.007808640427 0.007815895578 0.002396671672
1513047926.120510101 0.007808562286 0.007815810291 0.003243733026
1513047926.539892912 0.007806589145 0.011721891465 0.004916656312
1513047926.749588966 0.007806447042 0.011721736391 0.006457182892
1513047927.064105988 0.007806329560 0.011721608188 0.007730798659
1513047927.483436108 -0.000006128791 0.011718015042 0.007288108536
1513047928.007630110 -0.000007804682 0.015624420608 0.005738635478
1513047928.531816006 -0.000007666647 0.015624571240 0.004242191553
1513047928.741478920 -0.000007632136 0.015624608900 0.003868055983
1513047928.951162100 -0.000007614323 0.015624628339 0.003674940756
1513047929.160835981 -0.000007541369 0.015624707950 0.002884050855
1513047929.580317974 -0.000009248256 0.019531079691 0.001670605235
1513047929.999572992 -0.000005575385 0.011718618949 0.001288609747
1513047930.419044971 -0.000005415029 0.011718793938 -0.000449821984
1513047930.943089008 -0.000005269172 0.011718953103 -0.002031050794
1513047931.152775049 -0.000003438187 0.007812716782 -0.002162958411
1513047931.467286110 -0.000003434321 0.007812720999 -0.002204870904
1513047931.781816006 0.007809029473 0.007816320077 -0.001821159899
1513047932.096324921 -0.000001638989 0.003906445763 -0.001950228477
1513047932.410844088 -0.000001567382 0.003906523899 -0.002726528320
1513047932.830183983 -0.000001472478 0.003906627455 -0.003755352856
1513047933.040074110 -0.000001238688 0.003480778245 -0.004140086147
1513047933.564071894 0.000000516973 0.000000564046 -0.005605173592
1513047933.878752947 0.000000519021 0.000000566271 -0.005627364622
1513047934.088294983 -0.007813754733 0.003903226437 -0.006107068343
1513047934.402765989 -0.007810057081 -0.003909207278 -0.006757713115
1513047935.031812906 -0.007811674219 -0.000002737609 -0.008944177413
1513047935.346359015 -0.007811601244 -0.000002657989 -0.009735322583
1513047935.870539904 -0.007811593130 -0.000002649155 -0.009823273936
1513047936.185056925 -0.007811690907 -0.000002755873 -0.008763312657
1513047936.604394913 -0.007811837503 -0.000002915867 -0.007174109663
1513047936.814099073 -0.007811915683 -0.000003001197 -0.006326650340
1513047937.128588915 -0.007812011124 -0.000003105356 -0.005292150844
1513047937.338288069 -0.007812071130 -0.000003170840 -0.004641654044
1513047937.757623911 -0.007812187315 -0.000003297627 -0.003382094338
1513047938.072139978 -0.007812248141 -0.000003364004 -0.002722681402
1513047938.491477966 -0.007812352289 -0.000003477657 -0.001593602418
1513047938.701169014 -0.007812387389 -0.000003515959 -0.001213088466
1513047939.015685081 -0.007812398429 -0.000003528007 -0.001093398405
1513047939.330208063 -0.007814231208 0.003902706354 -0.000942040844
1513047939.644725084 -0.007814269448 0.003902664624 -0.000527477486
1513047939.959242105 -0.007814264589 0.003902669928 -0.000580163974
1513047940.273767948 -0.007814290619 0.003902641522 -0.000297972291
1513047940.588335991 -0.007814354342 0.003902571983 0.000392862098
1513047940.902811050 -0.007814453958 0.003902463275 0.001472803040
1513047941.217344046 -0.007814547337 0.003902361374 0.002485121748
1513047941.636660099 -0.007814614384 0.003902288206 0.003211985198
1513047941.951173067 -0.007814639744 0.003902260529 0.003486916899
1513047942.370537043 -0.000002197189 0.003905836436 0.004100869296
1513047942.789891005 -0.000002210495 0.003905821914 0.004245112797
1513047943.209244967 -0.000002209558 0.003905822933 0.004234949549
1513047943.523757935 -0.007816501237 0.007808463545 0.003949543358
1513047943.943160057 -0.007816529976 0.007808432175 0.004261105313
1513047944.362469912 -0.007817208844 0.009132168274 0.004938464977
1513047944.677021980 -0.007818468620 0.011714550998 0.005560110944
1513047945.306025028 -0.007818492051 0.011714525424 0.005814078261
1513047945.515698910 -0.007818486942 0.011714530978 0.005758736929
1513047945.725394011 -0.007818493690 0.011714523611 0.005831781923
1513047946.354402065 -0.007818431419 0.011714591548 0.005156681616
1513047946.878772020 -0.007818310674 0.011714723308 0.003847479863
1513047947.088280916 -0.007818249962 0.011714789552 0.003189125416
1513047947.402800083 -0.007818174887 0.011714871479 0.002375240422
1513047947.926995039 -0.007818052644 0.011715004880 0.001050001781
1513047948.136674881 -0.015632328169 0.015617663124 0.000589481323
1513047948.451206923 -0.015632283455 0.015617711918 0.000104744968
1513047948.765742064 -0.015630468131 0.011711458510 0.000142613741
1513047949.080224037 -0.015630456178 0.011711471554 0.000013038056
1513047949.394774914 -0.015630467622 0.011711459066 0.000137098365
1513047949.918967009 -0.015630569114 0.011711348312 0.001237381718
1513047950.547955990 -0.015630757534 0.011711142697 0.003280049726
1513047950.862481117 -0.015630796556 0.011711100115 0.003703082129
1513047951.281826973 -0.015630811466 0.011711083844 0.003864723768
1513047951.910866976 -0.015630732347 0.011711170186 0.003006965018
1513047952.330288887 -0.015630670805 0.011711237346 0.002339753440
1513047952.644731998 -0.015630631929 0.011711279774 0.001918231883
1513047953.064657927 -0.015630627616 0.011711284491 0.001871336946
1513047953.797964096 -0.015630820983 0.011711073480 0.003967623388
1513047954.217319965 -0.015630860844 0.011711029982 0.004399760644
1513047954.531841993 -0.015630898059 0.011710989371 0.004803216499
1513047954.846358061 -0.015630967380 0.011710913725 0.005554736929
1513047955.265717030 -0.015630921782 0.011710963427 0.005060483023
1513047955.475384951 -0.015630877533 0.011711011709 0.004580793013
1513047955.894740105 -0.007816444021 0.007808525872 0.003328556834
1513047956.314099073 -0.007814473126 0.003902442233 0.001679878131
1513047956.628623009 -0.007814318947 0.003902610484 0.000008402135
1513047956.943139076 -0.007814181059 0.003902760957 -0.001486469185
1513047957.257669926 -0.007813967731 0.003902993747 -0.003799161961
1513047957.572166920 -0.007811957716 -0.000003047217 -0.005871927084
1513047957.886679888 -0.007811743369 -0.000002813322 -0.008195682616
1513047958.201203108 -0.007811619737 -0.000002678430 -0.009536001956
1513047958.515713930 -0.007811522347 -0.000002572215 -0.010591853511
1513047958.935075998 -0.007811553044 -0.000002605807 -0.010258999339
1513047959.564135075 -0.007811688014 -0.000002753264 -0.008795652471
1513047959.878650904 -0.015622472844 -0.003912754623 -0.007663224804
1513047960.088329077 -0.015622549190 -0.003912837979 -0.006835567064
1513047960.402815104 -0.015622735780 -0.003913041633 -0.004812720267
1513047960.822179079 -0.015622838537 -0.003913153790 -0.003698743114
1513047961.136684895 -0.015622953416 -0.003913279162 -0.002453397113
1513047961.556054115 -0.015623114629 -0.003913455073 -0.000705908154
1513047961.975440025 -0.015623246122 -0.003913598548 0.000719409829
1513047962.185069084 -0.015623243738 -0.003913595912 0.000693249561
1513047962.604439020 -0.015623205387 -0.003913553962 0.000276621798
1513047962.814105988 -0.015623184320 -0.003913530887 0.000047535162
1513047963.128621101 -0.015623180552 -0.003913526629 0.000005588694
1513047963.548135042 -0.015623186017 -0.003913532585 0.000064737519
1513047964.072453976 -0.015626816334 0.003898974573 -0.000014503452
1513047964.386698008 -0.015626743466 0.003899054079 -0.000804419382
1513047964.701215982 -0.007812392455 -0.000003521808 -0.001162116480
1513047965.435081005 -0.007814270036 0.003902663637 -0.000524743147
1513047965.749603033 -0.007814315903 0.003902613557 -0.000027144154
1513047966.064143896 -0.007816173906 0.007808820297 0.000399064407
1513047966.378627062 -0.007816146912 0.007808849695 0.000107417585
1513047966.693147898 -0.000001764694 0.003906307823 -0.000587630261
1513047967.217334986 -0.000005356330 0.011718857212 -0.001085624618
1513047967.741527081 -0.000005323324 0.011718893197 -0.001443286268
1513047968.265753031 -0.000003476975 0.007812673614 -0.001741736418
1513047968.789937019 -0.000005212633 0.011719013938 -0.002643238810
1513047969.104439974 -0.000005189380 0.011719039311 -0.002895396430
1513047969.314121008 -0.000005182578 0.011719046733 -0.002969173950
1513047969.838310003 -0.000005207792 0.011719019241 -0.002696051566
1513047970.362504005 -0.000005250236 0.011718972944 -0.002236109816
1513047970.991544962 0.015621485219 0.007819909564 -0.001350117250
1513047971.725409031 0.130754008097 0.006845544571 0.003269573334
1513047972.039916992 0.218744074622 0.011820116662 0.004836248498
1513047972.459306002 0.399379023453 0.011430486408 0.005619713177
1513047973.088320017 0.906519195702 0.012139717938 0.011243414989
1513047973.927025080 1.912465977873 0.020419431020 0.022999131715
1513047974.765774965 3.197839842401 0.033612655151 0.040140507715
1513047975.709294081 4.870239544778 0.053044295788 0.046410484891
1513047976.443171978 6.269917042578 0.079014677139 0.054569962743
1513047976.967360020 7.295897187660 0.097140034650 0.070919303559
1513047978.435106039 10.217031474502 0.166300303926 0.126457904911
1513047979.693202972 12.867579723410 0.228630391709 0.172590531993
1513047981.370584011 16.756157785963 0.296842821862 0.216839495026
1513047983.048023939 21.093646323318 0.396530759446 0.268516029241
1513047984.830257893 26.225938154381 0.546405121032 0.291791956914
1513047985.983500004 29.704900604683 0.689579163056 0.333426589703
1513047987.136773109 33.208286532694 0.847455799625 0.379645881983
1513047988.185138941 36.546247157676 1.013068520087 0.419808429606
1513047989.757688999 41.632345792906 1.281083710311 0.482792109263
1513047990.806075096 44.963006249842 1.446664387713 0.526615136863
1513047992.273832083 49.695392293986 1.745735699376 0.598626609603
1513047993.636749983 54.246586857541 2.009265600778 0.648878217240
1513047994.894798040 58.673733345739 2.218654299116 0.717941971898
1513047996.048057079 62.930467645546 2.415944365316 0.762700131900
1513047998.039958000 70.162792032008 2.682003272980 0.864794000459
1513047999.298029900 74.782037374369 2.827916546473 0.903568989989
1513048001.289959908 82.256329216344 3.186639076762 0.988866759617
1513048003.072227955 88.771102145612 3.533404319078 1.170216443816
1513048004.330295086 93.056413914215 3.790435377399 1.287358625672
1513048005.483511925 97.056328446423 4.033341956634 1.309250248275
1513048006.636885881 101.113929392711 4.281181105618 1.304141413110
1513048007.894805908 105.503956660941 4.551956501149 1.308812214554
1513048009.257720947 109.921268783545 4.812771262962 1.294702683429
1513048010.515791893 113.602510389251 5.025425003504 1.273468840792
1513048011.564182997 116.472312113586 5.292388664593 1.249824664043
1513048012.927077055 120.051683170427 5.977591238879 1.218080799404
1513048014.604542017 124.179700009382 7.784092500686 1.064451072448
1513048016.281904936 128.064802799975 11.192009731720 0.927265619274
1513048017.540011883 130.442997554975 14.878600170930 0.844479092649
1513048018.902889967 132.261015332687 19.733118143136 0.766770576602
1513048020.580312967 133.143869479630 26.484924044723 0.689809706961
1513048022.048053980 133.078397814622 32.875501743023 0.647091917148
1513048023.830334902 132.946964456091 40.995781377148 0.562377781585
1513048025.612581015 132.808685705398 48.824759876324 0.488654634622
1513048027.290010929 132.653669601659 55.828099021449 0.412515507552
1513048029.386790037 132.219901006115 64.604716876295 0.352061393557
1513048030.644840956 131.959682360398 69.782644144948 0.299379283187
1513048032.636786938 131.635542297720 78.018598870607 0.219805421258
1513048034.419605970 131.413164875539 85.828838267248 0.119694259726
1513048036.410991907 131.190143306802 95.023132283341 0.016438204509
1513048038.298079014 130.880708960770 103.993650478644 -0.048335959687
1513048040.080341101 130.627385748280 112.377837208727 -0.099636279616
1513048041.338409901 130.483938317711 118.445330960240 -0.129128401045
1513048042.701304913 130.332392467499 125.126627986245 -0.157218692149
1513048044.693253040 130.062273747766 134.784182774837 -0.189964931127
1513048046.056162119 129.856076617734 141.383645157996 -0.197579264369
1513048047.943270922 129.398628723983 150.669953341828 -0.208395590211
1513048049.725516081 128.785103101392 159.581802753665 -0.196815271347
1513048051.402934074 128.187345973725 168.188901491350 -0.202528014205
1513048052.870695114 127.683747495370 175.918310702942 -0.207937337829
1513048054.128770113 127.329112778634 182.513026233500 -0.190741759305
1513048056.120697021 126.918298032467 192.308719406313 -0.150752795731
1513048057.378751040 126.728116210744 198.062802694552 -0.122374964756
1513048058.531965017 126.611905924584 203.269027947725 -0.088632960584
1513048060.733609915 126.400830939247 213.010619209676 0.016575440719
1513048062.830363989 126.146592318795 222.086939751092 0.152424176612
1513048064.927149057 125.664735414247 231.302735185449 0.289867671309
1513048066.185220003 125.249093761858 236.801988800498 0.390313898677
1513048067.967474937 124.660978854340 244.233749317003 0.498319305304
1513048069.435249090 124.141761393130 250.082958726590 0.582020733540
1513048072.056174040 123.480550111018 259.777577742981 0.751156007665
1513048074.152965069 123.297098725233 267.856788049374 0.774069954816
1513048075.515867949 123.294304968482 273.538685823878 0.826691261015
1513048077.402983904 123.267231711869 281.643740656938 0.884394828844
1513048079.185245991 123.115424065590 289.652773675499 0.882098030402
1513048080.967506886 122.822000452108 298.250090732022 0.874888770233
1513048082.959428072 122.583065041276 308.065481442369 0.768924716827
1513048084.741674900 122.305605905676 316.712055120103 0.721742564117
1513048086.209460020 122.036667586475 323.844701594673 0.637488858375
1513048088.411053896 121.574117694782 334.723914968320 0.504683329430
1513048090.298176050 121.081995904144 344.005515579462 0.332553828131
1513048092.080396891 120.601371577654 352.765220853485 0.149235022122
1513048092.814301014 120.396579146866 356.359285428459 0.083513818369
1513048094.911086082 119.891835096088 366.596714663865 -0.163410495824
1513048097.217519045 119.502080401847 377.656491886244 -0.455107675083
1513048098.580440044 119.680788639194 383.699346188837 -0.618449928426
1513048100.257847071 121.385241665890 389.967447938669 -0.801512124741
1513048102.040103912 125.816429085637 394.351660148410 -0.866464020681
1513048103.403009892 130.424746516538 395.899066283515 -0.875424354142
1513048104.766074896 135.608442059555 396.790641117711 -0.817561798533
1513048106.128797054 141.301781349225 397.352569642528 -0.772251385415
1513048108.120773077 150.295705950760 397.597443091465 -0.718240343218
1513048109.378829956 156.067697741933 397.561064515369 -0.681318487880
1513048110.951420069 163.408005442749 397.629524686190 -0.627218433343
1513048112.209476948 169.286367923386 397.935933045237 -0.559260643229
1513048113.572376013 175.677912910253 398.296739941716 -0.498514458316
1513048115.564534903 185.203742008110 398.848043278603 -0.425855309842
1513048117.032044888 192.284316505073 399.109147671643 -0.375088554399
1513048118.290112019 198.432537080998 399.205754597322 -0.316443610780
1513048120.282056093 208.265862897994 399.469591295653 -0.251037956947
1513048121.644973040 215.061928781461 399.740975854388 -0.183732062293
1513048123.322365999 223.396902972145 400.213451583169 -0.108865917493
1513048124.894990921 231.253092383899 400.900883843888 -0.057954528826
1513048125.838510990 235.944098312626 401.201289273867 -0.018601732714
1513048127.201421022 242.666059340976 401.301725912680 0.032989266287
1513048128.564932108 249.322945220199 401.174726061209 0.046885992057
1513048130.346575022 257.745306139680 401.053640996382 0.110981891515
1513048132.233685970 266.552219519415 401.245234293690 0.181978768575
1513048133.491733074 272.167433763173 401.449684124053 0.236777846239
1513048134.854698896 278.064996879246 401.605888306916 0.276598283385
1513048136.322406054 284.319798187524 401.791826143382 0.322154271625
1513048137.999825001 291.350392855590 402.147382672031 0.405360681024
1513048139.467562914 297.654389903496 402.483487523272 0.414576983151
1513048140.411144018 301.720387100606 402.720192331632 0.435695004644
1513048141.984046936 308.459941393212 403.190442039875 0.401899343584
1513048143.661106110 315.823690813641 403.838458672279 0.468517191865
1513048145.233863115 322.631016979780 404.669662623954 0.511328434077
1513048146.806293011 329.139892400880 405.498675744814 0.536829357283
1513048148.274029016 334.920476298461 406.261458236130 0.573897158375
1513048149.636919975 340.219239915955 406.924599719172 0.551323255702
1513048150.265961885 342.632128716434 407.108747000186 0.536807761982
1513048151.943381071 348.878805117811 406.877278398280 0.558508140956
1513048153.411120892 353.934719100746 406.381848128452 0.560501315943
1513048155.298232079 357.973872668038 406.209643150339 0.509795233996
1513048156.975650072 359.546771244367 406.037771043797 0.503284579645
1513048158.967616081 360.365623654141 406.038883125257 0.496727375745
1513048160.540164948 360.636265651720 406.044313032896 0.489005279436
1513048160.959542990 360.831154564714 406.039101617852 0.479605670755
1513048162.636945009 362.831056332089 406.047849575391 0.437747606129
1513048165.677273989 370.861286631288 406.637527718054 0.424761836261
1513048166.830519915 374.925831141479 407.052272556886 0.483104795616
1513048168.298255920 380.539542471208 407.523807252217 0.468902935062
1513048169.032124043 383.328268220623 407.748265400898 0.475655470130
1513048170.814501047 390.040150489451 408.194055841312 0.509242891109
1513048172.491817951 396.201905970864 408.594631795127 0.512005088997
1513048173.330517054 399.282523990126 408.727727332041 0.487044835833
1513048175.217605114 406.318245255159 409.171315305452 0.485540364024
1513048176.895029068 412.573713808927 409.669331732184 0.462053760760
1513048178.572459936 418.915329105107 410.311871966165 0.439955989949
1513048180.145041943 424.846914402365 410.744000960445 0.490742069254
1513048180.878901005 427.569442088193 410.877075566070 0.480881874964
1513048181.822475910 430.985319233632 411.016480319992 0.521397591804
1513048183.709616899 437.809982798227 411.501825508016 0.499077518127
1513048185.386970043 444.065163891652 412.036378998095 0.434971190349
1513048187.169231892 451.011732900168 412.474136413475 0.417108669998
1513048188.951502085 457.709076146593 413.106448109685 0.435451192204
1513048190.733753920 464.825897354020 413.689671779721 0.442447432808
1513048192.411190033 471.683109220698 414.266506043246 0.454649600428
1513048193.249912024 475.146498586930 414.529832427276 0.505522848258
1513048195.346698999 484.043200838584 415.049623978255 0.268963070072
1513048196.080528021 487.148740451693 415.304020938715 0.350547842205
1513048197.862828016 494.892064904313 416.156215137894 0.397096159771
1513048199.540222883 502.306901845072 417.073748113624 0.320897539162
1513048201.112803936 508.868478314923 417.615907758458 0.228953720552
1513048202.370887995 514.009143916839 417.953488249676 0.181091683065
1513048204.153126001 521.385345898158 418.113912321097 0.014487762283
1513048205.411189079 526.619993606645 418.501969756193 -0.038051563472
1513048207.298336029 534.815500952723 419.532456246835 0.729629871075
1513048208.556359053 540.430924538523 419.989881823774 0.869709461512
1513048209.709585905 545.524813398512 420.388392701962 0.846316704799
1513048210.967650890 550.984238833486 420.965553971528 0.794610428747
1513048212.120886087 556.030425912970 421.425556640334 0.768897970822
1513048213.798311949 563.325638496704 422.192501343946 0.721761133380
1513048215.685396910 571.416054060758 423.067977694757 0.661874453129
1513048216.733800888 575.824087028526 423.272007694683 0.660333165262
1513048218.201577902 581.986983382659 423.290493442438 0.747622035757
1513048219.459605932 587.352372947355 423.371110849089 0.805328273167
1513048220.507973909 591.946641560873 423.573011936911 0.782423482550
1513048222.080564022 598.934857038476 424.087446641340 0.753417167126
1513048223.024137020 603.005312712498 424.300279453569 0.753272878579
1513048223.967667103 607.069154093050 424.511308831838 0.708162242534
1513048225.225723982 612.657235067816 424.742280024037 0.689599598179
1513048226.274115086 617.420730667178 424.869502232480 0.647669766869
1513048227.637033939 623.758088835157 425.069648551625 0.608688614800
1513048228.999923944 630.090075062851 425.445724159848 0.545593778479
1513048230.467673063 637.171815813729 425.642614959596 0.532517237865
1513048232.459613085 647.149723944150 425.753500004493 0.500337618935
1513048233.507997036 652.587507404448 425.944483233601 0.520447252594
1513048235.185425043 661.450557510495 426.280644750583 0.486460302509
1513048236.548326015 668.437451944608 426.708240310155 0.486473110161
1513048238.225759029 676.866075621978 427.110552570271 0.352739841782
1513048239.693492889 684.347599784114 427.490545412988 0.283162304222
1513048241.580609083 693.505300679448 427.876880893970 0.232532338906
1513048242.209614038 696.362620477300 428.032655257107 0.243097769909
1513048244.201622009 705.292265139878 428.597878048164 0.202931132404
1513048245.669325113 711.642427598165 428.951536612042 0.180867097362
1513048247.346734047 718.859005272909 429.311370015286 0.073380013203
1513048249.338674068 726.157959570196 429.553010377087 0.004658241845
1513048251.016113043 731.107769262224 429.055327087638 -0.114717206570
1513048252.903187037 735.867847972187 426.229029697384 -0.299457540627
1513048254.580612898 740.159786511839 422.413400967808 -0.396471441707
1513048256.362889051 745.903137909200 418.860358030484 -0.514362748269
1513048258.040308952 752.246792954974 416.997962589436 -0.441722667498
1513048259.927400112 760.001517942925 415.821993743652 -0.406842462271
1513048261.814471006 768.335769957586 414.606056621777 -0.356064013066
1513048263.806420088 776.710129976185 413.538775566564 -0.031853182596
1513048265.588682890 784.420380936982 413.283226784033 0.339270389823
1513048267.056427002 790.660049167325 412.952075797751 0.457137242691
1513048269.258074045 800.030221839088 412.454535707842 0.550292112434
1513048270.201605082 804.090884853316 412.409386388262 0.576484454495
1513048271.983856916 812.030015628339 411.758744364660 0.613725419879
1513048273.451591969 818.435841934166 410.931406398540 0.727756619959
1513048275.862890959 828.785131979033 409.653968354559 0.876580504917
1513048277.225794077 834.539213052126 408.957145087699 0.939522579898
1513048279.112947941 842.397549604906 408.294522727556 1.059962386221
1513048280.475784063 848.438291824406 407.895143023885 0.944949293275
1513048281.733848095 853.923431115633 407.555395322235 0.886801927549
1513048283.096756935 859.931318476306 407.888612942264 1.172826771642
1513048284.564523935 866.422896924156 407.708107501564 1.523621429887
1513048286.556449890 874.985430704465 406.686384237246 1.265777273586
1513048288.129024982 882.123341308147 406.009636703414 1.206410947695
1513048289.806437969 889.579896616092 405.376751689301 1.388105808776
1513048291.064517021 895.157119726834 404.987983133351 1.524927253309
1513048292.951713085 903.590378475530 403.940192635697 1.166759965683
1513048294.733860970 911.372087341093 402.800590049597 1.563776883054
1513048296.725840092 920.103643405891 401.513953636218 1.841208083453
1513048298.193567991 926.868933424118 400.392758186225 1.935173804801
1513048300.290389061 937.102933516624 398.674616098080 1.287810659488
1513048302.072609901 945.330693103734 397.872021597212 1.517815498275
1513048303.645188093 952.419585014273 397.232525395615 2.176128177122
1513048304.903251886 957.960589149595 396.752358569104 2.271727316691
1513048307.104866982 967.290247268590 395.632053762670 1.947192670008
1513048309.201642036 975.667696468533 394.549014893430 2.148483789236
1513048310.250061035 979.839323839230 393.870279389625 1.949933576066
1513048311.717771053 985.395373957618 393.073799935300 2.136202781117
1513048312.766155005 988.417089231067 392.551482497668 2.077705818654
1513048313.919388056 990.738085834868 392.020043800658 2.018093642987
1513048314.758521080 992.251406112823 391.564031696480 2.073016982598
1513048317.274230003 997.734809225176 388.850804422439 2.379815901550
1513048318.846808910 1000.534596037033 384.517228082502 2.483795671692
1513048321.048417091 1000.996667517944 376.046473720820 2.446109419073
1513048322.620999098 1000.210243017345 370.215188025963 3.279464053171
1513048324.927501917 999.222209927947 361.250557859683 3.488335517781
1513048327.129072905 998.250599430310 351.897517776776 3.597510531435
1513048328.911346912 997.432195319539 344.118379653082 2.614718894743
1513048331.217797995 996.838364473922 333.359797840925 2.600833159059
1513048333.419552088 996.216623744632 322.975918949253 3.146183353759
1513048334.991981030 995.532549793231 315.587090505015 3.298438022457
1513048336.564565897 994.813574001546 308.055886108584 3.387372680959
1513048338.661344051 994.236196322806 297.622377974352 3.625222756824
1513048340.129272938 993.645972495224 290.486984449024 3.846621527930
1513048341.807149887 992.539763151658 283.226128067515 3.743807041476
1513048343.483927011 991.558536858822 276.490002200191 3.609204219277
1513048345.685563087 990.308000702550 267.380538107945 3.134798005912
1513048347.048449039 989.558320878237 261.999539034007 2.787754583956
1513048348.096841097 989.317301597525 257.965455151322 2.095086501158
1513048349.879101038 990.226865490172 251.270934732099 -0.036576372118
1513048351.137151003 990.562275253276 246.595949568900 -0.161341866109
1513048352.814575911 991.685526881431 240.048866538949 -0.165390720789
1513048355.121045113 994.661420226026 230.208515950378 -0.182596458908
1513048356.483942986 996.988926988984 224.438274965516 -0.207882805500
1513048358.266227961 1000.392191809707 217.349302083537 -0.225303838671
1513048360.048506975 1004.064646657440 210.357215896535 -0.208384479135
1513048361.725894928 1007.103617767711 203.440747594657 -0.209609008933
1513048363.193650961 1009.224386828209 196.754995424534 -0.224055422081
1513048364.871064901 1011.321881856192 188.580483390230 -0.256275202783
1513048366.758138895 1013.462259829478 179.455996573450 -0.264542824154
1513048368.435630083 1014.933159312015 171.996941947686 -0.265021011433
1513048370.532357931 1015.995789684673 166.273434013346 -0.250517532464
1513048372.104940891 1016.674093735382 163.319370648733 -0.254518318132
1513048373.677506924 1017.707027978739 159.699921903599 -0.240920739324
1513048375.250102043 1018.021626435684 155.207956728251 -0.314390869530
1513048376.718111038 1018.118175366996 150.152329420914 -0.338885601515
1513048378.709796906 1018.809225442461 142.524832015260 -0.235369520951
1513048380.282362938 1019.673049514475 137.452923080131 -0.165542940985
1513048381.435575962 1020.404024503650 134.264586852067 -0.133802755396
1513048382.798482895 1021.400287094948 130.331449564724 -0.104667556051
1513048384.161442995 1022.238320445752 126.024487072167 -0.096567467808
1513048385.314611912 1022.838414084781 122.043668306817 -0.079396789269
1513048386.677520037 1023.281226706242 116.960673085263 -0.045667945045
1513048387.935579062 1023.276103985320 111.987417081634 -0.069437688470
1513048388.984040976 1022.984636459915 107.669105058845 -0.092858767015
1513048389.403335094 1022.837525802500 105.962719451409 -0.104378859359
1513048390.137208939 1022.522488538778 102.984836571252 -0.128493553049
1513048391.185592890 1021.972021639465 98.655413231365 -0.161296166255
1513048392.129148960 1021.436196993654 94.755860777039 -0.178522181882
1513048392.653359890 1021.140573655445 92.615976690306 -0.193244520639
1513048393.596888065 1020.623967713400 88.767018837566 -0.233566996519
1513048394.854993105 1019.995031577828 83.648096394205 -0.218628034569
1513048396.113013983 1019.280087046345 78.633547306504 -0.237360363374
1513048396.951738119 1018.621267350520 75.422884955742 -0.226335189571
1513048398.000155926 1017.557414515240 71.759919303313 -0.240071589389
1513048398.733985901 1016.708764765732 69.365447631747 -0.236258924806
1513048399.573993921 1015.618667275890 66.819694285093 -0.253449662182
1513048400.621097088 1014.059459656615 64.018809190965 -0.266946477584
1513048401.145271063 1013.186301533469 62.762518437738 -0.268959575280
1513048402.298511028 1010.928330889961 60.419402572487 -0.239460790929
1513048403.556582928 1007.681938342991 58.868886941361 -0.200473479614
1513048405.338831902 1001.876793161306 58.431669156970 -0.197345467204
1513048406.596913099 997.063108682191 58.647447947842 -0.218176361747
1513048407.959804058 991.175118095117 58.800677949736 -0.227829337310
1513048409.427697897 984.404250647253 58.649796551213 -0.168664457851
1513048410.895294905 977.334500924073 58.488245751553 -0.168980375975
1513048412.467864037 969.660474598814 58.299184295220 -0.189468087891
1513048414.354971886 960.369496685329 58.169858145847 -0.184906133251
1513048415.717897892 953.925463002344 58.096544572508 -0.176625188412
1513048417.080790997 947.584186173311 57.945154012054 -0.170459551945
1513048418.443696022 941.070774560259 57.870186497110 -0.174429870998
1513048420.540488958 930.892248712331 57.698028027908 -0.130576487112
1513048422.428081036 921.541384558538 57.284180733892 -0.000742176845
1513048424.105014086 913.237902899759 56.855941435196 0.046529893864
1513048426.201776981 903.049773063152 56.215874876821 0.033681300568
1513048427.564666033 896.214362216749 55.725905169963 0.007049233513
1513048429.137265921 888.350617365389 54.948965449012 -0.012615586856
1513048430.814683914 879.859408132018 54.111393362647 -0.046372353378
1513048432.282411098 872.686429378949 53.349783832885 -0.118107871105
1513048433.855071068 865.244352188765 52.261958885023 -0.095354846496
1513048435.217916012 858.958563779969 51.145638520117 0.008214859591
1513048436.895344973 851.361205272232 49.472928228477 0.038958118009
1513048438.677573919 843.445052682949 47.876849117842 0.184004212690
1513048439.516297102 839.755123921509 47.235459519383 0.353587611055
1513048441.508254051 830.942384864703 45.686805590555 0.336904211100
1513048443.080821037 824.056446775614 44.552793358810 0.200033806365
1513048445.177609921 815.000946786419 42.898601120555 -0.130014006086
1513048446.435714006 809.587148360285 41.980055890064 -0.119177828516
1513048448.008244991 802.959937173872 40.876863344397 0.151678818207
1513048448.951807022 799.005489014814 40.239336235993 0.138840321672
1513048450.838891983 791.191864026059 38.878640684496 0.055753248486
1513048452.201841116 785.353907356323 37.813012489246 -0.295832437089
1513048453.355024099 780.382353586973 36.881215891106 -0.208439248194
1513048454.717932940 774.415938706054 35.582430794895 -0.334251325685
1513048455.661473989 770.168987368296 34.677430987296 -0.282209438282
1513048457.443757057 762.257379243073 33.138693131844 -0.320304633695
1513048459.226002932 750.736146914469 31.871301281264 -0.332879806745
1513048461.008249998 742.042299236102 30.676369091882 -0.254941786143
1513048462.266364098 736.182799885499 29.780444821017 -0.319797411419
1513048464.363101959 726.238338536253 28.045551653017 -0.436681717158
1513048466.355038881 716.870179094336 26.315523364266 -0.399014008510
1513048467.613109112 710.910931556148 25.259561366244 -0.381762452600
1513048468.976007938 704.327372305175 24.168261337726 -0.328242386072
1513048470.338926077 697.688965837409 23.069099178164 -0.311151186886
1513048472.540534973 687.004094535345 21.365351669396 -0.307746223306
1513048474.742167950 676.763735403323 19.674423520795 -0.366585718604
1513048476.943761110 666.748158460981 18.055733771342 -0.305777363004
1513048478.830856085 658.352763463486 16.557472133187 -0.343261149245
1513048480.403470993 651.615856751679 15.194650176330 -0.378575714361
1513048481.766444921 646.040134604900 14.046916155424 -0.386520972061
1513048483.129259109 640.479656940019 13.099371157253 -0.482418932238
1513048485.226041079 632.424596656674 11.817992005824 -0.502012400588
1513048487.217972040 625.151989849214 10.782616572497 -0.580754622510
1513048488.895399094 619.263594010984 9.995429868691 -0.518458317982
1513048490.887355089 612.647308688585 10.465534506236 -0.570147933474
1513048492.250238895 608.679847432220 12.153362726756 -0.490081173116
1513048494.137345076 604.990325948078 16.258824496811 -0.431555420050
1513048495.605082989 603.756903608813 20.329397904362 -0.412500700193
1513048497.492228985 603.347443492100 25.859504411158 -0.443392327927
1513048498.645648003 603.267563026044 29.635579012110 -0.472513297123
1513048500.637341022 603.101223025893 37.182207921917 -0.458466132738
1513048502.314795017 602.901505497821 43.960755964735 -0.335017904376
1513048504.307199001 602.554005172480 51.993012735521 -0.221499383136
1513048505.564801931 602.449310705674 57.014881983095 -0.153672179565
1513048506.927654982 602.283463981914 62.526502586028 -0.093864495194
1513048509.234124899 601.905228077260 71.984749236447 -0.018981741976
1513048511.226063967 601.579560871178 80.098551240628 -0.040624763355
1513048513.008322954 601.285406810295 87.232280087599 -0.066831253005
1513048514.790585041 600.983496061772 94.303199933601 -0.122337021709
1513048516.363176107 600.718931958607 100.454625817950 -0.121359663910
1513048518.250283003 600.356177312632 107.720637484336 -0.159194039776
1513048520.137361050 600.040379505947 114.814701266276 -0.216373178935
1513048522.024460077 599.904253126654 121.932743797765 -0.220264823025
1513048523.387365103 599.698723276394 127.095168428963 -0.207847095128
1513048524.750288010 599.411051993969 132.390685055258 -0.202484144574
1513048526.113234043 599.156133980204 137.920645170991 -0.207874823002
1513048527.266398907 598.957061954615 142.741656729106 -0.197245294606
1513048529.258337975 598.591183947772 151.256153114564 -0.138475179654
1513048531.145447016 598.160204888321 159.447998147274 -0.028120694381
1513048532.508337021 597.930940507542 165.227176815068 0.090049574029
1513048534.290605068 597.771206708695 172.686342354318 0.204474091361
1513048535.758347034 597.573098122963 178.681942055198 0.251168828389
1513048537.750286102 597.225584546028 186.754313948161 0.302654934134
1513048539.532542944 597.019026881764 194.154030441327 0.162408838837
1513048541.629343987 596.471741662952 202.569132602685 0.222649993597
1513048543.097064972 596.295317637727 208.453264055993 0.134042761365
1513048544.669675112 596.208697518702 214.888401685470 0.093824566915
1513048546.137388945 596.053470720013 220.857108345478 0.130864811224
1513048548.024534941 595.760693330162 228.858178437370 0.014619220761
1513048550.016458035 595.483160433797 237.659982402606 -0.018501425858
1513048551.484277964 595.097588567957 244.053271167410 0.172512656300
1513048553.685791969 594.670125135928 253.504236118434 0.329470584038
1513048555.572922945 594.396397841563 261.616910552532 0.364924183797
1513048557.459969044 593.932819756023 269.520309973572 0.349163716579
1513048558.927719116 593.668646266664 275.464982874723 0.370378441486
1513048560.709984064 593.337262076892 282.458147454095 0.402545139408
1513048562.806767941 593.114672383259 290.736146072995 0.242443279562
1513048564.589024067 593.144279740946 298.421166986749 -0.040542056722
1513048567.629345894 592.355463167771 310.571217164216 -0.043749337678
1513048568.887424946 591.635018996273 314.204204024744 -0.016224264766
1513048570.879368067 590.262315999473 317.347362387444 -0.011623028372
1513048572.242278099 588.479395769239 319.243736649279 -0.039428909928
1513048574.024528027 584.114718777665 321.901324775384 0.042548324555
1513048576.016463995 577.097823183500 323.538260638522 0.193731189008
1513048577.694159031 570.927077035871 323.527515028478 0.228636723294
1513048579.476170063 565.311443696904 323.243711353702 0.181583404852
1513048581.153563023 560.928201259925 323.226065817099 -0.021155706481
1513048582.201950073 558.291536283781 323.271723875397 -0.127948117547
1513048583.984232903 553.504592065209 323.363255860048 -0.236190440866
1513048585.137454987 549.796284599531 323.453868565198 -0.263020266007
1513048586.080995083 546.470005642058 323.298591409053 -0.268509577087
1513048587.443948984 541.263292466261 322.869210768008 -0.247160605694
1513048589.016470909 534.986593034750 322.431687979828 -0.259136402529
1513048590.484236002 529.012333102611 322.008105595236 -0.277388774537
1513048592.580996990 520.931224818728 321.340283578856 -0.310743818493
1513048594.048753977 515.807353752518 321.183622244051 -0.309236981594
1513048595.621303082 510.404666014931 320.992524787506 -0.278640892594
1513048597.823004961 502.415454099153 320.691029703992 -0.238087238257
1513048599.290674925 496.877708105090 320.629849668593 -0.161192620798
1513048601.177773952 489.712362642527 320.438485432395 -0.177767679566
1513048603.379395008 482.168386320830 320.015205319802 -0.167098764942
1513048605.790682077 473.799575783718 319.302704082618 -0.227644902980
1513048607.782627106 466.573236030222 318.885256903721 -0.030479804372
1513048610.089057922 457.711889999082 318.507767739860 -0.009924816499
1513048611.556823015 451.741553126799 318.185556512767 0.021973382116
1513048613.024578094 445.838655809802 317.984418085081 0.041525846622
1513048614.701987028 439.660425334344 317.732549921784 0.013944432188
1513048616.589097023 433.838431352353 317.229382439061 0.040000839368
1513048618.581023932 428.296725637022 316.290099561746 0.139183108957
1513048620.048782110 423.984142045404 314.844817855039 0.243205119348
1513048622.564944029 417.241793091405 309.895996180095 0.137280576321
1513048624.871372938 413.547640696050 302.927738857175 0.395522867470
1513048626.443928957 412.446669498361 297.402997556207 0.735710000504
1513048628.645561934 411.677647633359 289.528622898426 0.964803014809
1513048630.218409061 412.024030729983 283.849235890403 1.087890904534
1513048631.895549059 412.308320656942 277.310466201235 1.138415679375
1513048634.306853056 412.984407068874 268.082362580810 2.064143563845
1513048636.508467913 413.566533061657 259.493644903813 2.043781246252
1513048638.081037045 413.967903930109 253.206629422935 1.978935319680
1513048640.177807093 414.510906837294 244.668417928314 2.360357988583
1513048641.645590067 414.998084053011 238.660271216979 2.309852095797
1513048643.218153954 415.047814668719 232.604665658732 1.919596727794
1513048645.314938068 414.989283672813 224.156111914534 1.538101057711
1513048647.202034950 415.188245506282 216.331365423329 1.473632582682
1513048649.298810005 415.645282770230 207.861153327110 1.817227352078
1513048651.291589022 416.078617988656 199.981726157188 2.046662779631
1513048653.387530088 416.740801858267 191.700675284392 1.802783779623
1513048655.589109898 416.992786646221 183.136090344861 1.235551516403
1513048656.742358923 417.127882684159 178.533265536012 1.232605875584
1513048658.314950943 417.232416067681 171.913751599922 0.921193558231
1513048660.202032089 417.431631245015 163.729659226641 -0.075399184327
1513048661.564933062 417.489144983356 157.763414548614 -0.597903784930
1513048663.976227045 417.962818764346 147.280490267109 -1.059984218437
1513048666.073009014 418.936494092361 138.359400735561 -0.502954757710
1513048667.750447035 419.704408027332 131.595703613172 -0.093911778892
1513048669.532684088 420.504864645118 125.142581483848 0.229631730178
1513048671.839159012 421.990166819713 117.440055163356 0.302265553853
1513048673.411739111 423.354109892940 111.775378751525 0.733529010414
1513048674.879467964 424.784416816405 106.437883642636 0.776214776497
1513048676.452059031 426.594066597085 100.923985785980 0.781804112356
1513048678.968185902 430.826837049332 91.796112126346 0.630945924182
1513048681.169797897 435.011469489558 83.799280732734 0.814125235816
1513048683.581243038 439.409186228235 76.052865768564 0.851936432137
1513048684.524637938 441.095536879174 73.597694422581 0.894858740764
1513048686.516573906 445.159583373002 68.017850466088 1.052404635934
1513048688.823035002 449.074144947740 61.438995169732 1.186401300931
1513048690.710129023 450.597980891200 55.826705004248 1.486325263534
1513048692.387600899 449.872961606560 50.304496493087 1.337181441133
1513048695.113348007 444.373610984704 43.315636075027 0.545905679760
1513048697.524658918 438.440146762332 38.358896310461 0.322716147819
1513048699.621433020 432.670897794193 33.599018999807 0.223377307349
1513048701.403700113 427.479042233942 29.767654108505 -0.029859518151
1513048703.185945988 422.706830421386 26.323983604550 -0.346355684427
1513048705.282717943 418.025197678303 22.794045283638 -0.912055181586
1513048706.960164070 415.187151867280 20.780403514222 -1.282938003527
1513048709.056936026 412.388402922902 18.918013035889 -1.205037049355
1513048710.839179039 409.163726867736 16.639301661844 -1.237700950969
1513048712.306924105 405.890792275437 13.417249421189 -1.287599184226
1513048714.823061943 401.574532167513 7.983640178579 -0.856343106980
1513048716.500555992 398.022362753632 3.635124928679 -0.391783614112
1513048718.492408991 393.529512126792 -1.855902806204 -0.373945208286
1513048720.379509926 391.309162080172 -7.384722588586 -0.378428706016
1513048722.476299047 390.830214099360 -13.481695224521 -0.307125736790
1513048723.944029093 390.664857218655 -18.332646522530 -0.290793296720
1513048725.935971975 390.492999549731 -26.038586318932 -0.275313177652
1513048727.823079109 390.617570399820 -34.237670161867 -0.236467804746
1513048729.291680098 391.065909777525 -40.740815289349 -0.223925138558
1513048731.806962013 391.633470212612 -51.625318419331 -0.141105217105
1513048733.379570007 392.058486861307 -58.380029006477 -0.103175459763
1513048734.113454103 392.169310203080 -61.491856702634 -0.096858821075
1513048736.000509977 392.532469096057 -69.634027385238 -0.018280569482
1513048737.782746077 392.739128203669 -77.244519725907 0.084179435661
1513048739.774701118 393.113812031855 -85.902486699537 0.164274295604
1513048741.766666889 393.341093858349 -94.916089817628 0.219573642191
1513048743.339225054 393.578830811859 -102.144662472760 0.260392900477
1513048744.911786079 393.800611920515 -108.669972660332 0.338007145836
1513048747.113432884 394.164087541425 -117.444245092507 0.173287185530
1513048749.315037012 394.758144710274 -126.450919300773 0.107667873177
1513048750.887648106 394.983665602546 -132.627466710739 0.080856646417
1513048753.194103956 395.171663561412 -140.706356658980 0.054681476015
1513048755.081170082 394.434055202050 -145.611759353973 0.052167113845
1513048756.548921108 392.235604977613 -148.515047635252 0.311353170647
1513048758.331168890 387.167190661523 -150.121090032720 0.311785934758
1513048760.113435030 380.607441992539 -150.610033135274 0.236143591440
1513048761.581218004 374.594729684628 -150.962913640032 0.300730275517
1513048762.734407902 369.833326307723 -151.243975627639 0.297525859537
1513048763.887626886 364.969186565753 -151.387896264073 0.305643985662
1513048765.250545025 359.043786291880 -151.536338630648 0.431136402989
1513048766.718271017 352.810272066485 -151.632654626210 0.400927732523
1513048767.871503115 348.000475088720 -151.690337518151 0.293285589557
1513048768.605370998 345.004752494148 -151.726120764266 0.280889304814
1513048769.758641958 340.370358120165 -151.782965334473 0.272562631402
1513048771.016709089 335.329320697060 -151.824367433757 0.196395404421
1513048772.169889927 330.959925527437 -151.896715788368 0.209571492200
1513048772.694076061 329.118885717306 -151.952259520748 0.199471699140
1513048774.371521950 323.642930996275 -153.028634138365 0.008577833216
1513048775.629605055 320.039712803324 -153.440819457709 -0.225520779481
1513048776.782802105 317.359730369005 -151.991433145205 -0.272563004308
1513048778.460273027 315.115664350137 -147.611993781782 -0.253034126986
1513048779.613473892 314.785628137892 -143.511478143883 -0.232442973482
1513048780.452171087 314.752803498690 -140.135270443550 -0.204138882587
1513048781.815076113 314.734397823537 -134.172664511707 -0.156712478320
1513048783.597326040 314.527507462926 -126.077049974107 -0.201354547235
1513048784.331195116 314.371219956803 -122.692040633780 -0.206002205562
1513048785.065069914 314.191663141964 -119.267803970448 -0.211835583867
1513048786.427975893 314.021396436361 -112.949060544316 -0.219161728281
1513048787.895720959 313.770922105014 -106.253888944412 -0.209855214085
1513048789.677989960 313.436422460027 -98.241274885516 -0.211283837231
1513048791.145709991 313.186101874380 -91.958324819884 -0.223079327112
1513048792.508618116 312.923054862001 -86.308893402524 -0.220620699874
1513048794.500555992 312.505176362063 -78.110255537597 -0.236400392089
1513048796.282829046 312.204940125509 -70.895178097492 -0.217379237868
1513048797.436049938 312.093360443560 -66.159892775297 -0.218991656762
1513048799.113459110 312.035354755711 -59.034224870236 -0.215014923881
1513048800.371539116 311.925560000030 -53.550044562878 -0.228407102761
1513048801.210253954 311.835753198184 -49.820624603954 -0.225298164183
1513048802.468327999 311.590943714626 -44.189614816808 -0.224452503097
1513048803.726377010 311.174240347962 -38.518720812755 -0.220433397795
1513048805.613480091 310.615633945475 -30.104834911249 -0.207290247234
1513048806.766711950 310.425789406409 -25.071464355164 -0.197470079462
1513048807.395737886 310.354206915840 -22.345927971386 -0.187373331827
1513048809.282818079 310.100406214162 -14.181506353165 -0.196145819999
1513048811.065089941 309.839342716420 -7.193692044471 -0.225081388774
1513048812.218316078 309.743457529650 -2.899268855697 -0.242741594457
1513048813.581233025 310.251118726205 2.047072517243 -0.252154499164
1513048814.839718103 312.003496573520 5.986209451337 -0.213834242860
1513048816.411885977 315.959861880635 8.959800299373 -0.133239149573
1513048817.669990063 319.891085207749 9.699738202942 -0.060016936743
1513048818.719027042 323.513676118463 9.834495048685 -0.046188462808
1513048819.871562004 327.859897917660 9.950618874999 -0.051791303204
1513048821.129618883 332.876225936046 10.089086587427 -0.055607761634
1513048822.073163986 336.803105497228 10.199801151710 -0.067341876983
1513048823.436075926 342.673877182988 10.421285080212 -0.070651608927
1513048824.065109968 345.387627123670 10.539735849408 -0.067354686548
1513048825.637757063 352.071273708193 10.855165701837 -0.089582263502
1513048827.524796009 359.853778212096 11.220919406300 -0.104168011815
1513048828.887873888 365.415471548517 11.435878874599 -0.112215770343
1513048830.984489918 373.715009879323 11.693559251885 -0.150059036463
1513048832.976439953 381.128825932673 11.904672566497 -0.138114929482
1513048834.968369007 387.363170469217 10.379088333233 -0.102003889455
1513048837.589354992 391.093234175257 3.650273785599 -0.154616453913
1513048839.476414919 391.149918593411 -3.046475461797 -0.200483689134
1513048842.202842951 390.518462858123 -14.255784481115 -0.343621546534
1513048844.403831005 390.729942985061 -23.879110982336 -0.329402837966
1513048846.710299969 390.984978681875 -34.693022144228 -0.334943767870
1513048849.855465889 391.630393254211 -48.660639313496 -0.283550836664
1513048852.581279039 391.907148182824 -58.270370070285 -0.292226744053
1513048854.363522053 392.248823382926 -64.433577310124 -0.300002993931
1513048856.774818897 392.627310624364 -71.905041506891 -0.390270009567
1513048858.557106972 391.645311491965 -76.227045288581 -0.475684518110
1513048861.492593050 391.278114810929 -76.946665204487 -0.599954184081
1513048864.428158998 391.239134035768 -77.126372997331 -0.578865645626
1513048866.734524965 391.028729010172 -78.296219308204 -0.446615930102
1513048869.460319042 391.400021923187 -81.917552674923 -0.336514173601
1513048872.081305027 393.864265870638 -88.197486737754 -0.406599911434
1513048874.702280998 394.061077881647 -97.430332917725 -0.465996439612
1513048877.428086996 394.182906149550 -107.371301930281 -0.596405374648
1513048879.944196939 394.413832124480 -116.747797909338 -0.570048338227
1513048882.565187931 394.840015497001 -125.974061465123 -0.704390744089
1513048884.871645927 395.445533511410 -134.465351214992 -0.723316316944
1513048887.911962032 394.977628761384 -144.519032505274 -0.563832610210
1513048890.638034105 391.005652063608 -150.542592353617 -0.713162690083
1513048893.258745909 381.812830969163 -152.162816102715 -0.754463590142
1513048894.831326962 375.173961229712 -152.602616049530 -0.537436057092
1513048896.403940916 368.544465530866 -152.721861546880 -0.555108285219
1513048897.871665001 362.605860375202 -152.670962295961 -0.594709899029
1513048898.920036077 358.466601885147 -152.649448896315 -0.626838818720
1513048900.702315092 351.571771601730 -152.690103542801 -0.603711558718
1513048902.484582901 344.814384577650 -153.351149793447 -0.313654505085
1513048903.952290058 339.282961194442 -153.845935167716 -0.092546534511
1513048905.210366011 334.459366045527 -154.027869378336 -0.085554183235
1513048906.468440056 329.829368067615 -154.186277082985 -0.067250690420
1513048908.041016102 324.550449227787 -154.341356891468 -0.086345407397
1513048909.508768082 320.042287726534 -153.781603863487 -0.203107576777
1513048911.500691891 315.750661804140 -150.459728923525 -0.240932388673
1513048912.968442917 314.292931854420 -146.170009804130 -0.226732693475
1513048914.121665001 314.050545247731 -141.992460781696 -0.221419390091
1513048915.484566927 313.978891572075 -136.473843308223 -0.205587393580
1513048917.161986113 314.083544005212 -128.966869937155 -0.234575400267
1513048918.839409113 314.139688054032 -120.949947589591 -0.236862850913
1513048921.041047096 314.004461900615 -110.137203702988 -0.211385629127
1513048923.347475052 313.702292515785 -98.772611305152 -0.181313874663
1513048925.654557943 313.213813561538 -87.700272749728 -0.229517386939
1513048927.960397005 312.762627419245 -77.332581895235 -0.239884391364
1513048930.162009954 312.630352319015 -68.044942843019 -0.223764862248
1513048932.153922081 312.512016866008 -59.241774274138 -0.244272348504
1513048934.670100927 311.928393581480 -47.429757144231 -0.262520703678
1513048936.347493887 311.596486351261 -39.306579648184 -0.263765083774
1513048937.605559111 311.452984168876 -33.128501487803 -0.257988016402
1513048939.912019968 311.057125914809 -21.893837053158 -0.234898317662
1513048942.008802891 310.646319448970 -12.109264041097 -0.229119199688
1513048943.895878077 310.220293004491 -3.861471378527 -0.237043190697
1513048946.097546101 308.275857719948 4.551731486379 -0.218709463141
1513048947.879761934 304.021196129112 9.514977153162 -0.186625976253
1513048949.976603031 296.863732148973 13.178866863460 -0.200087902731
1513048951.758797884 289.823342103986 14.267783605809 -0.198644421371
1513048953.436222076 282.691990098545 14.245313059019 -0.216296284166
1513048955.218518019 274.418109370143 14.108268867925 -0.219890384947
1513048956.896064997 266.192493241188 13.732986747367 -0.209766044983
1513048957.944288969 260.966541650915 13.422983126298 -0.219192703319
1513048959.726551056 252.065151275562 12.980676140672 -0.250356453337
1513048960.984649897 245.839887052385 12.614495528334 -0.243763596944
1513048962.242680073 239.702762609122 12.290389230392 -0.255236891191
1513048963.605576992 233.164094995979 12.049999456021 -0.243228194142
1513048964.968489885 226.837534829265 11.882988643897 -0.218670639167
1513048966.226552963 221.119689476823 11.774213740461 -0.183503032162
1513048967.170106888 216.892043312589 11.753350868716 -0.150438458743
1513048968.637867928 210.271694726791 11.899811723465 -0.088500117940
1513048969.476545095 206.361424985450 12.046646760566 -0.067401009015
1513048970.839490891 199.859033732649 12.263128167588 -0.014257068728
1513048972.621723890 191.543749382890 12.382147717852 0.101573825856
1513048973.355588913 188.287237797370 12.372813285277 0.157327731582
1513048974.928180933 181.569430627910 12.393113168637 0.252958569522
1513048976.395910025 175.372214157006 12.265221476836 0.313399698772
1513048977.758831024 169.475209233142 11.909305582951 0.362508598352
1513048978.912050962 164.481150910818 11.504320630647 0.412710353958
1513048980.903990984 156.012438454593 11.213016858756 0.465647205495
1513048982.686273098 149.826784112069 11.417370290088 0.501545928728
1513048984.363682985 145.574821828797 11.790015723639 0.548008883358
1513048985.936255932 142.113855013222 12.258860694549 0.663574491245
1513048987.508831978 138.108730192503 12.935323313600 0.783976758967
1513048988.766911030 134.816549919590 12.780513468730 0.846263791055
1513048991.283032894 129.933394529705 8.661763173498 0.943205539437
1513048993.170152903 131.441380353724 4.053646531465 0.890565803949
1513048994.113708019 133.590608313620 3.120712463868 0.843509277678
1513048995.686268091 137.589030288767 3.398383986580 0.779439899175
1513048997.468539000 142.862720782284 4.946518757770 0.672031731357
1513048999.041115046 148.440241254628 6.047020592987 0.582811114939
1513049000.823369980 155.485432953088 6.896245864353 0.519617838381
1513049002.500793934 162.499421739072 7.238400571082 0.454201397492
1513049004.702410936 172.333796419774 7.580845198577 0.391601832336
1513049006.274991035 179.413969815123 7.911993868876 0.316122248012
1513049007.742733002 186.263921400261 8.245917606815 0.225883268221
1513049009.315314054 193.956387093629 8.555144748174 0.110122760434
1513049010.992734909 202.622094902967 8.992315752454 0.008202708547
1513049013.089519024 213.768698836995 9.558785531399 -0.075030209563
1513049015.186286926 224.917128063291 10.147714480595 -0.171608835128
1513049016.968533039 234.204999548354 10.622661029501 -0.223745227864
1513049018.960479975 244.253229565322 11.000474764367 -0.238624368966
1513049020.742743015 252.670755089067 11.223519806076 -0.237433440355
1513049023.049196959 262.895472173530 11.366385063139 -0.216760302079
1513049024.831480980 270.400121511115 11.434521819733 -0.211333928019
1513049026.613718033 277.698373599827 11.594171154687 -0.221621330462
1513049028.500849962 285.085786726841 11.820267384324 -0.222925203632
1513049030.807277918 293.552882464018 12.395986910920 -0.207726101178
1513049032.904027939 300.526641790429 14.481360264036 -0.185972971219
1513049035.210508108 306.048859676801 19.957942167209 -0.235090235439
1513049037.726623058 308.151034172931 28.103112617185 -0.242465209735
1513049039.404365063 308.187581739057 33.502945909841 -0.235279724201
1513049041.396003962 308.088719213643 39.870818578944 -0.226156779940
1513049042.549236059 307.917212089784 43.693835971755 -0.240172917535
1513049044.750828028 307.530871579899 51.271013903366 -0.241192409240
1513049046.847621918 307.139569629664 58.989654400186 -0.256574107229
1513049049.049222946 306.778035148159 67.529819632164 -0.262933453636
1513049051.250844955 306.370925508311 75.986948607391 -0.237323155187
1513049052.823436022 305.977575278966 81.832243866046 -0.198854868252
1513049055.339555979 305.293768608601 90.677381072982 -0.191136749437
1513049057.121820927 304.908173556001 96.665609861565 -0.252443975358
1513049058.799230099 304.702473009471 102.196952689833 -0.251404808572
1513049060.896013021 304.597847320864 108.781039211433 -0.277494666369
1513049062.783118963 304.603105766984 114.264117087183 -0.265510281423
1513049064.984734058 304.591857664376 121.638454007652 -0.243120220964
1513049067.081501961 304.479516988701 129.758816170486 -0.217022318279
1513049069.387955904 304.626304915196 139.438061146048 -0.194484367246
1513049071.275053978 304.306422908229 147.405986511822 -0.247666734438
1513049072.742801905 304.147093573785 153.506146744897 -0.263592662914
1513049074.420233011 303.956597111868 160.462037987762 -0.284427878987
1513049075.992820024 303.648398361407 167.280169060034 -0.278948717230
1513049078.194431067 303.136428528420 176.927190864577 -0.263942805031
1513049079.976660013 303.039143786435 184.511143852051 -0.226858445716
1513049082.178286076 302.909940879157 193.559401678883 -0.337925982672
1513049083.855745077 302.568163899389 200.166496454803 -0.377022623685
1513049085.323483944 301.435317540320 206.165974263376 -0.303479227909
1513049087.000885963 301.088580198828 212.573473590528 -0.262364108473
1513049088.888005972 300.697927671394 219.488967852209 -0.240108704006
1513049090.146032095 300.512981796322 223.917914420335 -0.223682592482
1513049091.823468924 300.956816478915 229.547099770937 -0.220858109330
1513049093.605703115 304.332433259309 233.956160569599 -0.216432276750
1513049095.702526093 310.689258343594 235.437684511979 -0.233450176476
1513049097.589591980 317.373592687954 235.383099246475 -0.148953718942
1513049099.581568003 325.342439695765 235.342929350373 -0.078368299008
1513049100.944449902 330.980983518408 235.377836362273 -0.050006067425
1513049102.621891022 338.109657664738 235.462146914809 0.005577630122
1513049103.984775066 343.800691495239 235.641770072349 0.021723113467
1513049105.347693920 349.511437535301 236.047885870468 -0.086628860910
1513049106.815452099 355.657491666222 236.672480860816 -0.024555624853
1513049108.492832899 362.676116973229 237.766557129254 -0.019926394116
1513049110.065428019 369.140700040490 238.741229365815 -0.076054696503
1513049111.533524036 375.186324203652 239.002154919611 -0.133999784248
1513049112.791379929 380.262809403150 238.806009273571 -0.152343568562
1513049113.944459915 384.767741129294 238.508924152622 -0.172361129562
1513049115.307368040 389.873020891760 237.958928307548 -0.221004241546
1513049116.460577965 394.112271099195 237.628874845525 -0.260083038904
1513049118.033179998 399.644685032749 237.518169146495 -0.255473763620
1513049119.605770111 404.290425502506 237.444392779231 -0.205318163689
1513049121.388004065 408.624593854460 236.019723623032 -0.299100951304
1513049123.170268059 411.843691470078 231.909717954037 -0.299305017558
1513049125.371885061 412.919823048035 223.865370000380 -0.303928647693
1513049127.258984089 413.172668791574 216.595564451776 -0.385063962315
1513049129.984798908 413.564688840316 206.384825691440 -0.415564368620
1513049132.081572056 413.922793366935 198.749706438263 -0.404872494010
1513049134.912229061 414.666721766728 187.262375248641 -0.361131110474
1513049137.218683958 415.120442666903 177.743375187450 -0.339035589520
1513049139.839653015 415.036836528174 170.671338081755 -0.454356940702
1513049142.041275978 414.210683308060 168.266905475214 -0.525224096031
1513049144.242872000 410.628795085933 166.006863841226 -0.639743789945
1513049147.388045073 400.613201566497 164.971780888977 -0.693087218382
1513049149.170464993 393.768151117499 164.742024406997 -0.626491506197
1513049150.533219099 388.242125704086 164.505074900078 -0.612543136942
1513049152.105787039 381.614278540365 164.390595299275 -0.646130516341
1513049153.783210993 374.700567639715 164.036795128208 -0.408689133645
1513049154.831603050 370.161702870659 163.965384155410 -0.394618130108
1513049156.718703032 361.900838116379 163.863179676022 -0.308217371049
1513049158.605796099 353.804855216228 163.729084629505 -0.203285909601
1513049160.073529959 347.547846781783 163.505242657216 -0.335871128757
1513049162.275146961 338.464427858715 162.935006344104 -0.458946132622
1513049163.952606916 331.712292183407 162.577283134125 -0.396996929508
1513049166.573555946 321.576844823599 161.523817659443 -0.168672686692
1513049168.565512896 314.589956615218 161.156398155584 -0.139885854652
1513049171.081620932 306.795289356931 161.921875163980 -0.217041364541
1513049173.388051987 302.656786130083 166.740811300378 -0.156150167499
1513049175.694518089 302.152766440540 175.368604536453 -0.130615411099
1513049178.315495014 301.928469084988 187.285126725766 -0.144075133354
1513049180.831624031 301.469879731180 199.019029797123 -0.135841106369
1513049183.347753048 300.591117732990 210.657414855418 -0.156551362400
1513049185.759568930 299.927938199843 221.985735766294 -0.161885782148
1513049188.380009890 299.680838449163 233.050918661638 -0.215070841421
1513049190.896143913 299.449262587618 243.309193386306 -0.195170009993
1513049193.307442904 299.038348204459 253.320958253807 -0.166376841981
1513049195.194597960 298.823383242883 261.969416039457 -0.160520600694
1513049197.396169901 298.297776277031 272.231333422904 -0.122187288277
1513049199.073586941 297.830808219704 279.564780061568 -0.083117168993
1513049201.694556952 297.302263117556 290.525725596465 -0.040919019742
1513049203.476805925 297.025618588782 297.405283984322 -0.000517652260
1513049205.573579073 297.330108081603 304.922878308028 0.023181360710
1513049206.831651926 298.515927190496 309.290872633309 -0.008844898834
1513049209.138088942 303.968715553627 315.070358895810 -0.031629905668
1513049211.549443960 312.814141158925 316.633977969963 -0.063629504757
1513049213.960680962 322.466793402668 316.613840472838 -0.102633528664
1513049215.428406954 328.552484082258 316.695463552765 -0.148712895793
1513049217.734930038 338.293932302595 317.145858064345 -0.221670567600
1513049218.992947102 343.573722649792 317.317813679973 -0.269699542560
1513049220.565538883 350.593320271488 317.693177822676 -0.326125215452
1513049222.033313036 357.606606896770 318.076741091237 -0.374921040450
1513049223.605882883 365.179067621757 318.468543372609 -0.427886590315
1513049225.073607922 372.201809353085 318.856978473157 -0.413841254862
1513049226.541404009 379.278990100157 319.245017578817 -0.456060203176
1513049228.952641010 389.638492279411 321.444200282548 -0.509127078792
1513049230.315573931 393.685180145042 324.586026887985 -0.577001291322
1513049231.992959976 395.408770824840 330.372657409886 -0.583083443724
1513049233.984920025 392.183014049642 337.237285208838 -0.512076748501
1513049235.452645063 388.174322297051 341.968464869099 -0.484728263073
1513049237.025237083 383.350072838102 347.220118437773 -0.283718107635
1513049238.702704906 378.021515943357 352.864610026453 -0.238059923790
1513049240.275239944 373.119750044530 358.025422588998 -0.231697047785
1513049241.952646971 368.431881519503 363.560864183529 -0.217149520774
1513049243.525278091 365.052057597740 369.037535329030 -0.251073623784
1513049245.307496071 362.637709100380 375.543987362735 -0.305275895435
1513049246.670412064 362.010373376995 380.563137200596 -0.320123190251
1513049248.452662945 362.260496695496 387.418056246568 -0.290920482454
1513049250.130084038 362.683998732007 393.530564207364 -0.057230744514
1513049251.702658892 362.389883918646 398.256816676298 0.127038074240
1513049253.170401096 361.184639196668 401.841071708959 0.272194334264
1513049255.162343979 357.621776236241 405.505042014036 0.393884167239
1513049256.839772940 353.155518028192 407.152710766225 0.546506368313
1513049258.307531118 348.226533386294 407.626518377515 0.577601778244
1513049259.880084038 342.319581016658 407.521882331821 0.518570037627
1513049261.347826958 336.483855405061 406.832688081994 0.506324180606
1513049263.025283098 329.833039167873 406.036580090435 0.470982213253
1513049264.597826004 323.741621706778 405.310983240058 0.428770004041
1513049266.065586090 318.258329112035 404.745846087432 0.445110171240
1513049267.743010044 311.990930245463 404.321054740196 0.424573777876
1513049269.210803986 306.849597876714 404.176898265179 0.451387343232
1513049269.944621086 304.457114069684 404.153482496042 0.441030554280
1513049271.412353039 299.955903366911 403.585337564556 0.433982698936
1513049272.565607071 296.896190678979 402.122250661542 0.436655306255
1513049274.347906113 293.572375728106 397.679134747299 0.399799991265
1513049276.234942913 292.021098619986 390.931817335133 0.373753641353
1513049278.017208099 291.821364229425 383.657630887093 0.335531489025
1513049279.799470901 292.035914372579 375.907201574562 0.294621637111
1513049281.581737995 292.086438260610 368.081204310434 0.241851362232
1513049283.363985062 292.066504995681 360.560005788867 0.218364860073
1513049285.775281906 292.141644202620 350.197311137002 0.201291519940
1513049287.347889900 292.519744282676 343.536631331653 0.215666842305
1513049289.863989115 293.547879349157 333.403650109107 0.439750008721
1513049292.170445919 295.687017242045 325.069284625369 0.471244471361
1513049294.372066975 300.733524244315 319.269257941029 0.309900118513
1513049296.888195038 309.598793811503 316.507081329999 -0.019189742218
1513049299.089808941 318.488036915367 316.363192919722 -0.177319883284
1513049301.396260023 327.700889945211 316.547177768119 -0.251402621892
1513049304.122057915 336.253833014087 319.121489083203 -0.213706503586
1513049306.847995996 339.558984923491 326.470384844840 -0.207188573161
1513049309.468847990 338.662736044680 335.228640607613 -0.028562876571
1513049311.251133919 338.075255860176 341.810620457685 0.046069952436
1513049312.718849897 337.658523853960 347.535501820515 0.086367825305
1513049314.815629959 337.193700736690 355.874711095676 0.113279468623
1513049316.283370018 336.985110684231 361.675740394161 0.080106451908
1513049318.485013008 336.554182672125 370.286827500928 0.055005594339
1513049320.057570934 336.246624940934 376.453068002302 0.043622244007
1513049321.315639019 336.182669738449 381.343449786321 0.059014777962
1513049322.678559065 335.695071337047 386.483580425868 0.129834625279
1513049324.041452885 334.915575418310 391.487262117980 0.202248358441
1513049325.299508095 334.297975262364 395.525169323145 0.262540725806
1513049326.976927042 334.087225953032 399.922076822155 0.403887431024
1513049328.864058971 335.807980410968 404.245373955209 0.566698490656
1513049331.589848042 339.576448239699 406.430292801980 0.562377177437
1513049333.791460991 345.396377047383 407.258474215953 0.529510956008
1513049335.364079952 351.194301055023 406.854926019646 0.508645635618
1513049337.460843086 357.189189667067 405.334937904638 0.469403668215
1513049339.557594061 360.056787245654 400.378523108219 0.177096186775
1513049341.549551964 360.869539200268 392.268669980698 -0.154324564341
1513049343.436635017 361.141869727960 383.381345252055 -0.286994366417
1513049345.428565025 361.858821343264 373.880878663514 -0.283227986505
1513049347.630182028 365.176240631939 363.917296507262 -0.269016774464
1513049349.307605028 369.854137567201 357.193083121095 -0.294295888088
1513049351.928579092 379.213140879237 347.702046997142 -0.179002470341
1513049354.025525093 386.371364817260 339.779063624728 -0.166713962604
1513049356.646317005 394.754132785713 330.385115312744 -0.123296249008
1513049358.533430099 399.888198227632 324.821707017067 -0.115781569968
1513049360.944706917 406.598023187576 319.413653958391 0.072180963222
1513049363.146334887 413.221767774401 316.773689115198 0.180995045265
1513049365.662451029 419.835251590278 315.897386497876 0.270599479147
1513049368.073755026 427.416025511265 316.076515245059 0.128970218571
1513049371.009227037 440.002882225059 316.586719407651 0.058311971916
1513049372.896348953 449.599800879848 317.088289319726 -0.009812962787
1513049374.678595066 459.020807904174 317.225496338050 -0.087296592641
1513049377.299551010 473.920457302270 317.521509145494 -0.212147790493
1513049379.710865021 487.570269880285 317.473183802398 -0.275950476905
1513049381.388324976 496.619238240546 317.352402925972 -0.332482165255
1513049383.170525074 506.061066792883 317.520863463418 -0.348805863238
1513049384.744239092 514.316692862779 317.801705720048 -0.372476012907
1513049386.525381088 523.235928097992 318.497613957481 -0.381511759683
1513049388.307646036 531.956897722349 319.272179446309 -0.354530196803
1513049390.089903116 540.452452266520 319.521256494370 -0.390796906264
1513049391.662494898 547.917646937559 319.610671071768 -0.401383616586
1513049392.501199007 551.892920582167 319.775104236712 -0.447721977242
1513049393.549580097 556.973978870159 319.974260286946 -0.374843308859
1513049395.960865974 568.166542707415 320.248439213371 0.092986138731
1513049397.952805042 576.628236407474 320.491189103039 -0.025729314825
1513049399.525396109 581.961636696760 320.896231040693 -0.179887662213
1513049400.783462048 585.581539915943 321.237566091250 -0.230069279215
1513049402.356077909 589.024408883579 321.371453127229 -0.165634818111
1513049404.033467054 592.659874813492 321.381737003385 -0.174700881072
1513049405.606050014 597.307887605061 321.207334975288 -0.178536481421
1513049407.283472061 603.720888135297 320.656674958759 -0.381482043594
1513049409.485086918 613.845221935787 320.313777379709 0.384516688440
1513049411.687179089 623.879250997710 319.760999489392 0.990850014085
1513049413.468955040 631.552098892464 319.032293824308 0.914079730997
1513049415.251215935 638.810453325844 318.258337057498 0.841699053792
1513049416.718970060 644.510534542617 317.700280953464 0.779918391127
1513049418.710896969 651.304552440260 316.984566590273 0.823854390195
1513049420.283495903 656.380839233837 316.680939756754 0.934663384687
1513049421.751223087 661.483573677049 316.750524010333 1.149490404079
1513049423.533483982 666.404632236674 316.446942230600 1.087092462137
1513049425.315771103 672.093318987816 315.910531218754 1.059828688312
1513049427.727046013 680.583607538016 314.703782685129 0.916939043652
1513049429.404479980 686.261246361262 314.065258774882 1.010534394148
1513049431.081878901 692.237473964753 314.076147179544 1.192996933993
1513049433.073892117 699.798533890508 314.314142881112 1.019726419587
1513049435.170608997 707.216743458888 313.342485384446 1.102919426334
1513049436.638338089 712.242419954056 312.730632145636 1.204264347885
1513049438.210944891 717.027467449008 311.972883102545 0.654360224508
1513049439.888350010 721.493999307178 311.500041141583 0.043074512237
1513049442.194798946 726.411650018163 312.593007305310 -0.264171262404
1513049444.291562080 729.779740757743 314.848996013299 -0.266801378414
1513049446.178663969 731.516412458390 317.328860261843 -0.230392179742
1513049447.856091976 732.555868303784 320.499117220111 -0.186061722626
1513049449.428678036 733.176569588246 325.700952509729 -0.149425384743
1513049451.001252890 733.491873306124 332.443591353507 -0.282330138137
1513049452.469012976 733.771918119564 339.082063968335 -0.326002609353
1513049454.880300045 734.003635877258 350.104199336134 -0.110656531037
1513049456.557713032 734.433242896892 357.587241006734 -0.090308278092
1513049458.444827080 735.126523861303 366.059183439991 -0.097295805587
1513049460.017426968 735.685613492673 373.401158159692 -0.185132166755
1513049460.960925102 736.236399297729 377.671299171799 -0.045868765854
1513049462.952862024 737.257570630386 386.489773947898 0.614079449557
1513049465.573847055 738.314879075160 397.678325785961 0.419149500116
1513049467.880305052 739.076800000955 405.675051929471 0.209643299201
1513049469.452886105 739.231012509725 410.113028734177 -0.104084638195
1513049471.235146999 739.431810512645 415.175204420485 -0.430142816985
1513049473.122231007 738.930236585164 421.275123042707 -0.096286505938
1513049475.533528090 735.268801884103 427.960256720434 -0.121100396444
1513049477.944837093 728.363970309138 430.897791242310 -0.024093526246
1513049479.831933975 722.974555887644 430.857029780708 -0.122895140488
1513049481.719019890 717.319581836948 430.404360649546 0.041405553288
1513049483.710963964 713.740211014898 430.118283451732 -0.210816832296
1513049485.388381004 712.037740718787 430.062092751853 -0.309450525964
1513049486.960964918 709.904229829210 429.914039257524 -0.500357328002
1513049488.952899933 704.408825925793 429.472528212778 -0.435561002885
1513049490.840029955 696.369947402473 430.033992675672 -0.389593521353
1513049494.823883057 675.761553942612 429.568147891610 -0.624865164240
1513049496.291637897 669.078515302093 429.039461894134 -0.565726201972
1513049497.654525995 663.595830022895 428.577847257691 -0.658348420082
1513049499.017441988 658.273843990240 427.871120602976 -0.825666529625
1513049501.323884964 649.850276094168 426.767550926751 -0.709072172722
1513049502.686789036 644.537968941150 426.476024833460 -0.808597682546
1513049504.154535055 638.369480580915 426.569962924482 -0.827979251401
1513049506.461013079 627.908066557950 426.437042597154 -0.919857531594
1513049507.509377956 623.365081984342 426.411488497046 -0.907760800776
1513049509.082036018 616.966376050227 426.267936304375 -0.782320235336
1513049511.073898077 609.045034244350 425.856572631622 -0.830240814482
1513049512.646472931 602.766063219506 425.583772038784 -0.625086094654
1513049513.904544115 598.325808833435 425.148792297926 0.014149880225
1513049515.162600040 594.715439444464 424.233381540522 0.593067303580
1513049516.420720100 591.568401983925 422.549846983268 0.697547608034
1513049517.678741932 589.138393139606 420.091691161097 0.716916055008
1513049518.936805964 587.755531681222 416.418964575477 0.593831079955
1513049520.719074011 587.504833015450 409.127363607839 0.534222124625
1513049521.872332096 587.663640633807 403.642666875146 0.493244795752
1513049523.340044022 588.049933223735 396.174029902753 0.466410892724
1513049525.227164030 588.347376145628 386.169301517287 0.604353582559
1513049527.114218950 588.715525803443 376.054871814318 0.741108070687
1513049529.211015940 589.158071471467 365.180359496453 0.932992724747
1513049530.678812981 589.323266314795 357.838896493436 0.857552534624
1513049532.356185913 589.430809791475 349.981746128326 0.535754501230
1513049534.033612967 589.387374181407 342.697674414162 0.016793728435
1513049536.444871902 589.468431933470 336.432341191744 -0.152022250775
1513049538.961015940 589.625766263521 334.107058907527 -0.170178185738
1513049541.372349977 589.940271563909 329.795728235251 -0.147936557194
1513049544.202948093 592.070481348271 323.753792228479 -0.073696335528
1513049546.719105005 596.143716488518 321.484654173585 -0.072442743907
1513049548.815866947 600.786932369491 320.725424309359 -0.076186374698
1513049551.017479897 607.026522437228 320.030293058650 -0.111634240865
1513049553.533616066 615.350855197038 319.423291218825 -0.140824226349
1513049556.259435892 624.876990741432 319.669223730069 -0.106200062706
1513049559.194902897 634.141689344745 319.348503484815 -0.162971659700
1513049561.712187052 640.886969590701 318.231107930320 -0.173975909358
1513049563.598184109 646.322408891310 317.307071290361 -0.193378718877
1513049566.428803921 655.841469982507 316.309343500900 -0.260709443878
1513049568.840080023 664.029296769060 316.036152533826 -0.320358891338
1513049571.670730114 674.087733941053 315.103015135399 -0.407903174130
1513049573.662673950 681.392625327681 314.366610272803 -0.464988441652
1513049575.969127893 689.371624615121 313.571664723073 -0.478628259021
1513049578.485239029 697.579798231785 312.959779320499 -0.247867022145
1513049580.686858892 704.642959905136 312.040508375044 0.119189930411
1513049583.098186970 711.115280526367 311.319378522250 0.502650837407
1513049585.404624939 717.884125239428 310.606082049589 0.219182622272
1513049587.920742035 726.372654073344 309.607718256134 0.644344594106
1513049590.437190056 734.743653138041 308.442231597050 0.612784818698
1513049593.057852983 741.999630653877 307.155078292158 0.190360083641
1513049595.574009895 747.163251883654 306.247240187494 0.556052531801
1513049598.090128899 752.748344625770 305.577104954949 0.084699703068
1513049600.815902948 761.661347380745 304.686674315489 0.387038329010
1513049602.703022003 769.450294880259 303.930169041657 0.790626958096
1513049604.590121984 777.655997105000 303.131603673532 0.561630976536
1513049606.791749954 786.606865433242 302.236050183381 0.088340499531
1513049608.678845882 792.153116327758 301.529060862551 -0.258173673674
1513049610.356235027 798.376947265985 300.828835084568 -0.272595713857
1513049612.453032017 807.104166276567 300.222333140766 -0.207333066347
1513049614.654639006 815.403147831784 299.516440619145 -0.178794470076
1513049617.065931082 824.025632509376 298.975077260564 -0.190559586534
1513049618.428829908 829.427840447811 298.522970553990 -0.177000680213
1513049620.315942049 837.198250706697 297.784402709440 -0.192878208304
1513049622.203028917 845.593954718561 296.994007801594 -0.214458710612
1513049624.090138912 854.443781613488 296.011191072893 -0.276823664132
1513049626.291758060 865.125098313063 294.725381063624 -0.475268880545
1513049628.074012041 873.627118045595 293.561325295705 -0.502729977993
1513049629.541762114 880.370512004549 292.585165117624 -0.460474741446
1513049632.162735939 892.396273814065 290.768414442319 -0.415338270593
1513049633.525631905 898.550710009786 289.737799484039 -0.339626676607
1513049635.832081079 909.019766886694 287.557883394693 -0.227896004862
1513049637.614375114 917.429336729065 285.056320717531 -0.196161475620
1513049639.920806885 928.486365536202 280.761869172839 -0.143561008333
1513049641.912739038 937.763494156203 276.150863418389 -0.106556129358
1513049643.799843073 946.016934884512 271.396022724257 -0.094840498090
1513049645.686922073 953.516200915847 266.710635750027 -0.073576190994
1513049647.678920031 960.580834302940 261.697782772141 -0.022294129820
1513049649.356297970 965.480805399275 258.076346846078 0.020398928445
1513049651.453061104 970.164596064614 254.792960086601 0.005043147180
1513049653.235327005 973.593128558467 252.095642587223 0.008640393675
1513049654.703107119 976.376337608060 250.214062432625 -0.022760757502
1513049656.799927950 980.746047657829 249.015704772018 -0.055444037637
1513049658.896622896 984.721975470404 249.553355830738 -0.079867976667
1513049660.993401051 988.101449788293 251.116124939167 -0.087794698870
1513049662.251461029 989.205216661687 252.068257661997 -0.105212153861
1513049664.453072071 990.873061347862 254.282619405513 -0.147839313595
1513049666.130501032 992.851832197439 257.847277082190 -0.167660481135
1513049668.436950922 995.148606377548 265.624986093609 -0.188959423583
1513049670.428894043 996.013276113467 273.773777843368 -0.160228709836
1513049672.420819998 996.915723600356 281.930343033534 -0.117975858679
1513049674.412765026 997.938638575230 290.454553191837 -0.260288599283
1513049676.090217113 998.721741154770 297.442203923747 -0.275097030999
1513049677.662760019 999.288152244899 304.254099830404 -0.252259307286
1513049678.920828104 999.457452411604 309.792038157269 -0.297369777757
1513049679.549870968 999.527662983131 312.585938447346 -0.320105945179
1513049681.961160898 1000.067532324577 323.257158574359 -0.323511849031
1513049683.219322920 1000.456463747335 328.701054524199 -0.343614721741
1513049685.840214014 1001.388533034646 340.369959607302 -0.375403990232
1513049688.146673918 1002.219742923901 350.535663645193 -0.439925076687
1513049689.719233036 1002.739978107645 357.421925647984 -0.484728940243
1513049690.872473001 1003.097039374492 362.392620275055 -0.492507498701
1513049692.654714108 1003.661432301393 369.685278429522 -0.474906832957
1513049694.751513004 1004.808812967840 377.370651883243 -0.463608581632
1513049696.533757925 1005.896581536003 383.117632814396 -0.516285477431
1513049697.896656990 1007.084301586326 387.773456469502 -0.533077890453
1513049699.364388943 1008.311653038045 393.314203008611 -0.556861517582
1513049700.936964989 1009.290648633783 399.627299817737 -0.570231559044
1513049703.348277092 1010.551656814460 409.550943807683 -0.602234272347
1513049705.340254068 1011.604876647102 417.079042296491 -0.425400113106
1513049707.332169056 1012.255336429173 425.061714547450 -0.196368495216
1513049709.428924084 1013.134116294324 433.657150131289 0.145796595435
1513049711.316008091 1013.880453251277 441.579226506892 -0.119058040241
1513049712.783773899 1014.405831629758 447.888362317278 -0.159347996308
1513049714.146672010 1014.788894383588 453.703758573209 -0.356029247725
1513049715.719260931 1015.012690452153 459.694750879115 -0.592663576517
1513049717.606339931 1015.298973903525 465.754586404828 -1.038363876163
1513049719.074091911 1015.638421253821 469.586615973914 -0.955437516840
1513049720.437004089 1015.889133166698 472.882283150248 -0.891418297992
1513049722.009589911 1015.637479303949 476.946059500154 -0.641439520360
1513049723.686994076 1015.080440191307 481.901852295849 -0.148706479134
1513049725.678949118 1015.211394653806 488.747689727624 0.106911464296
1513049727.670883894 1016.475322267557 495.945223716240 -0.351661296427
1513049729.138624907 1017.297969481975 501.311802294052 -0.138274066754
1513049730.606410027 1017.623643926180 506.590077068341 -0.203863718473
1513049731.864438057 1018.095917369134 511.451387396213 0.092211017266
1513049733.332155943 1018.966260063892 517.557027359019 0.171033403718
1513049734.590265989 1019.673273844183 522.927855494917 0.168512418688
1513049736.372503042 1020.702917894647 530.237700618938 0.216157466517
1513049737.735398054 1021.469373715109 535.817497176287 0.200353627964
1513049739.832194090 1022.199552276261 544.786869110882 0.404790625065
1513049741.195081949 1022.384197732533 550.863056269464 0.667264006272
1513049742.872500896 1022.333856119677 558.248874081614 0.948971909981
1513049744.130568027 1022.195599277209 563.596047202392 1.157563461119
1513049746.017673969 1021.841667613135 571.960453195352 1.102161537281
1513049747.485454082 1021.592433774569 578.491174373420 0.778228376990
1513049748.219290018 1021.541697122277 581.725538662814 0.643105652483
