1513047923.814076900 0.000000000000 0.000000000000 0.000000000000
1513047924.023734093 -0.000000024662 -0.000000060701 0.000516455101
1513047924.233407021 -0.000000035923 -0.000000088438 0.000752263216
1513047924.443089008 -0.000000058761 -0.000000144666 0.001230511562
1513047924.967284918 -0.000001955964 0.003906041887 0.001766616215
1513047925.176965952 -0.000001956177 0.003906041369 0.001770906647
1513047925.596311092 -0.000001964045 0.003906022003 0.001935470104
1513047926.015666962 -0.000003872594 0.007812180611 0.002709208147
1513047926.330193043 -0.000003940204 0.007812014169 0.004125024702
1513047926.539892912 -0.000005849597 0.011718170728 0.004916133288
1513047926.854409933 -0.000005947850 0.011717928899 0.006973589203
1513047927.168971062 -0.000007825843 0.015583071695 0.007519319783
1513047927.483436108 -0.000007834498 0.015624141432 0.007288765552
1513047927.797920942 -0.000007772838 0.015624293195 0.005997546027
1513047928.112458944 -0.000007737593 0.015624379945 0.005259470165
1513047928.636640072 -0.000007676436 0.015624530468 0.003978795889
1513047928.846318007 -0.000007666602 0.015624554674 0.003772847703
1513047929.160835981 -0.000007624171 0.015624659107 0.002884314829
1513047929.475347042 -0.000007576924 0.015624775394 0.001894920056
1513047930.104429007 -0.007820021748 0.015621165776 0.000758059054
1513047930.314074039 -0.007819987270 0.015621250632 0.000036081107
1513047930.628716946 -0.000007435118 0.015625124411 -0.001074612860
1513047930.943089008 -0.000007389475 0.015625236746 -0.002030393789
1513047931.257632971 -0.000003634611 0.007812766308 -0.002274767705
1513047931.572124958 -0.000003642873 0.007812745963 -0.002101711793
1513047931.886648893 -0.000003667307 0.007812685817 -0.001590016427
1513047932.201186895 -0.000003634831 0.007812765740 -0.002270058165
1513047932.620505095 -0.000003592485 0.007812869971 -0.003156927227
1513047933.040074110 -0.000854913295 0.006960801495 -0.004139659096
1513047933.249577045 -0.007812264634 -0.000003166292 -0.004910897549
1513047933.459264994 -0.007812247878 -0.000003125072 -0.005261687218
1513047933.773753881 -0.007812233737 -0.000003090297 -0.005557667339
1513047933.983433008 -0.007812219005 -0.000003054076 -0.005865999003
1513047934.402765989 -0.007812176446 -0.000002949379 -0.006756972594
1513047934.822140932 -0.007812107443 -0.000002779599 -0.008201739492
1513047935.031812906 -0.015624573495 -0.000006441524 -0.008893788201
1513047935.452037096 -0.015624516478 -0.000006301245 -0.010087574563
1513047935.765701056 -0.015624528878 -0.000006331803 -0.009827821802
1513047936.080281973 -0.015624560240 -0.000006409050 -0.009170931151
1513047936.394726038 -0.015624623133 -0.000006563883 -0.007853880563
1513047936.709258080 -0.015624675236 -0.000006692129 -0.006762793218
1513047937.128588915 -0.015624745463 -0.000006864978 -0.005292176864
1513047937.338288069 -0.015624776526 -0.000006941434 -0.004641680067
1513047937.757623911 -0.015624836674 -0.000007089475 -0.003382120360
1513047938.072139978 -0.015624868163 -0.000007166979 -0.002722707423
1513047938.491477966 -0.015624922080 -0.000007299684 -0.001593628437
1513047938.806065083 -0.015624945987 -0.000007358524 -0.001093004949
1513047939.120516062 -0.015628698918 0.007805116667 -0.000889096099
1513047939.644725084 -0.015626844591 0.003898824581 -0.000527437508
1513047939.959242105 -0.015626842075 0.003898830773 -0.000580123996
1513047940.168916941 -0.015626850749 0.003898809423 -0.000398479100
1513047940.483428001 -0.015626874436 0.003898751123 0.000097540052
1513047940.797930956 -0.015626924511 0.003898627871 0.001146168426
1513047941.217344046 -0.015626988452 0.003898470491 0.002485161731
1513047941.531831980 -0.007812655008 -0.000004127573 0.003265526173
1513047941.951173067 -0.007812665578 -0.000004153592 0.003486871368
1513047942.370537043 -0.007816438098 0.007808273375 0.004101020822
1513047942.685065031 -0.007816444501 0.007808257608 0.004235096564
1513047943.314075947 -0.015628931800 0.007804543437 0.003987725220
1513047943.838279009 -0.015628939177 0.007804525261 0.004142277345
1513047944.152872086 -0.015628961011 0.007804471505 0.004599575083
1513047944.677021980 -0.007818379385 0.011714351350 0.005560656435
1513047944.886667013 -0.014049203538 0.014825992935 0.005841096006
1513047945.201169014 -0.009806046357 0.012706957903 0.005820545641
1513047945.620543957 -0.015632756770 0.015616841198 0.005700500250
1513047946.249814034 -0.015632734567 0.015616895817 0.005235595506
1513047946.564089060 -0.015632704242 0.015616970438 0.004600519283
1513047946.878772020 -0.015632668307 0.015617058847 0.003848110895
1513047947.193111897 -0.015632626028 0.015617162911 0.002962742469
1513047947.612473965 -0.015632574454 0.015617289855 0.001882718008
1513047948.136674881 -0.023445011838 0.015613698549 0.000590066798
1513047948.346342087 -0.023445002079 0.015613722571 0.000385686721
1513047948.660866022 -0.023443118105 0.011707503455 0.000126508552
1513047948.975402117 -0.023443110895 0.011707521201 -0.000024472270
1513047949.394774914 -0.023443118636 0.011707502150 0.000137617844
1513047949.709239006 -0.023443148154 0.011707429499 0.000755750947
1513047950.023772955 -0.023443179118 0.011707353287 0.001404175189
1513047950.233443975 0.006547114353 0.011721544087 0.002923892751
1513047950.547955990 -0.031255767817 0.011703389553 0.003280195699
1513047950.862481117 -0.031255788019 0.011703339832 0.003703228103
1513047951.386676073 -0.031255786064 0.011703344644 0.003662276547
1513047951.596340895 -0.031255780987 0.011703357140 0.003555942940
1513047951.910866976 -0.031255754779 0.011703421645 0.003007110994
1513047952.225402117 -0.031255730607 0.011703481142 0.002500878828
1513047952.540033102 -0.031255699687 0.011703557243 0.001853368406
1513047953.064657927 -0.031255700554 0.011703555110 0.001871482941
1513047953.273772001 -0.023443244443 0.011707192510 0.002771911631
1513047953.588433027 -0.023443291128 0.011707077608 0.003749457072
1513047954.322164059 -0.023443326100 0.011706991544 0.004481610875
1513047954.531841993 -0.015628970785 0.007804447340 0.004803650500
1513047955.160859108 -0.015628991625 0.007804396093 0.005239555208
1513047955.475384951 -0.015628960190 0.007804473472 0.004581227046
1513047955.685064077 -0.015628924977 0.007804560144 0.003843828496
1513047956.104434967 -0.015628858677 0.007804723331 0.002455435512
1513047956.314099073 -0.015628821666 0.007804814430 0.001680377220
1513047956.838449001 -0.015626825271 0.003898872020 -0.000933027991
1513047957.152815104 -0.015626727642 0.003899112315 -0.002977466312
1513047957.467333078 -0.015626617322 0.003899383849 -0.005287698457
1513047957.781850100 -0.015624639304 -0.000006603796 -0.007516251715
1513047957.991522074 -0.015624580409 -0.000006458835 -0.008749589957
1513047958.306034088 -0.015624525694 -0.000006324165 -0.009895380695
1513047958.620556116 -0.015624501723 -0.000006265167 -0.010397347603
1513047959.039899111 -0.015624516278 -0.000006300989 -0.010092564889
1513047959.354435921 -0.015624547789 -0.000006378548 -0.009432686079
1513047959.668953896 -0.015624594087 -0.000006492502 -0.008463150098
1513047959.878650904 -0.015624632337 -0.000006586648 -0.007662136646
1513047960.193137884 -0.015624709108 -0.000006775610 -0.006054417156
1513047960.402815104 -0.015624768453 -0.000006921675 -0.004811632096
1513047960.822179079 -0.023437326260 -0.000010809388 -0.003582388827
1513047961.136684895 -0.023437380206 -0.000010942178 -0.002452682450
1513047961.660873890 -0.023437484554 -0.000011199013 -0.000267509904
1513047961.975440025 -0.023437531717 -0.000011315094 0.000720124496
1513047962.289926052 -0.023437524008 -0.000011296121 0.000558703763
1513047962.709415913 -0.023437506759 -0.000011253667 0.000197499444
1513047962.918942928 -0.023437494839 -0.000011224329 -0.000052110673
1513047963.338310003 -0.023437501786 -0.000011241434 0.000093412180
1513047963.652826071 -0.023437509596 -0.000011260666 0.000257009431
1513047963.967389107 -0.023437502044 -0.000011242093 0.000098955700
1513047964.281852961 -0.023437467914 -0.000011158109 -0.000615623239
1513047964.596378088 -0.023437453837 -0.000011123492 -0.000910174031
1513047965.120557070 -0.015624954654 -0.000007380126 -0.000911336949
1513047965.435081005 -0.015628716323 0.007805073506 -0.000524244073
1513047965.854463100 -0.015626874875 0.003898749729 0.000107044153
1513047966.273791075 -0.015628745929 0.007805000636 0.000095784837
1513047966.588326931 -0.007816227764 0.007808790764 -0.000303177071
1513047966.902839899 -0.007816195308 0.007808870649 -0.000982782490
1513047967.217334986 -0.007816190361 0.007808882822 -0.001086259169
1513047967.951261044 -0.007816158145 0.007808962114 -0.001760770522
1513047968.370572090 -0.000003647060 0.007812734804 -0.002011286992
1513047968.685112000 -0.005519488950 0.007810121407 -0.002261511799
1513047969.104439974 -0.007816103906 0.007809095571 -0.002896030967
1513047969.418962955 -0.007816095206 0.007809116946 -0.003078135844
1513047969.733532906 -0.007816105035 0.007809092717 -0.002872252801
1513047970.048007011 -0.007816122666 0.007809049279 -0.002502936656
1513047970.362504005 -0.007816135372 0.007809017964 -0.002236744445
1513047970.572181940 -0.007816153570 0.007808973125 -0.001855468313
1513047971.096374035 0.015621287539 0.007820064316 -0.000677638312
1513047971.306061029 0.046871218698 0.007834876351 0.000690540326
1513047971.620575905 0.095670414468 0.007858027489 0.002648496256
1513047971.935097933 0.171871017699 0.007894307135 0.004609680699
1513047972.354445934 0.333111558870 0.007971469191 0.005404372666
1513047972.773806095 0.606047685374 0.014254420287 0.007255576849
1513047973.193165064 1.011348550740 0.012201818499 0.012774062203
1513047973.507700920 1.366928857539 0.016277952739 0.016910282373
1513047974.031894922 2.052807476301 0.024418207907 0.024331081145
1513047974.975433111 3.548593892806 0.034970181636 0.043614133978
1513047976.128705025 5.657850640283 0.065477211978 0.050605313423
1513047976.757853985 6.874867929979 0.089223837112 0.065018447664
1513047977.806092978 8.940632915538 0.129271578179 0.103634768485
1513047978.644784927 10.641046655868 0.184769948296 0.136477829084
1513047979.378648996 12.181366796944 0.216754652890 0.164699251488
1513047979.902838945 13.324063646837 0.234884772686 0.177049748816
1513047980.741544008 15.234901171501 0.272900899854 0.201355255884
1513047981.685106039 17.524735150470 0.307364969243 0.224328771913
1513047982.628801107 19.955932796737 0.365374724634 0.252546485352
1513047983.782083035 23.126965153398 0.446309683590 0.272039218046
1513047984.306082010 24.650461416091 0.479834658973 0.278321985395
1513047985.354499102 27.809737241830 0.613567906981 0.301754591269
1513047985.983500004 29.692658185330 0.686062779425 0.332115784346
1513047987.241574049 33.527226514741 0.863676067059 0.376850383768
1513047987.765763044 35.180969893533 0.946496569782 0.403424899814
1513047988.499658108 37.568138106278 1.064825050735 0.427330503414
1513047989.862523079 41.951936699725 1.295502888506 0.486059713736
1513047991.539952993 47.318934387350 1.592919411782 0.556349400867
1513047992.483500957 50.369276620346 1.788106397575 0.599126877596
1513047993.007719994 52.093131833035 1.899887487831 0.615549447448
1513047994.056088924 55.689527445689 2.081291792848 0.669894400797
1513047995.104470968 59.442317691274 2.251052514183 0.722261088274
1513047996.152847052 63.302824915704 2.432584417585 0.767656207558
1513047997.306093931 67.476755872778 2.629234308653 0.837631095782
1513047998.249636889 70.911671437631 2.705749470235 0.869063956434
1513047999.402853012 75.163970249466 2.846618058128 0.903131974013
1513048000.975446939 81.069041582221 3.123912763906 0.962907882432
1513048002.128674984 85.392797838010 3.349385595006 1.049005304272
1513048003.177057981 89.122385451492 3.550375226137 1.186204493183
1513048003.910926104 91.629500725925 3.700002081652 1.287557743382
1513048005.064173937 95.587117848067 3.942833029008 1.308042738258
1513048005.588530064 97.416638367201 4.054335799158 1.301544255229
1513048006.531893015 100.738781759544 4.256935421500 1.297795319903
1513048007.160940886 102.946861208346 4.392923286855 1.299575397041
1513048008.104490042 106.200209650645 4.597606621939 1.303622550228
1513048008.838444948 108.602894257887 4.739383722953 1.296134687087
1513048009.362552881 110.236578496463 4.830231339245 1.287678103270
1513048010.096463919 112.409245485216 4.955754684288 1.272415152763
1513048011.144805908 115.329623612252 5.164486686388 1.254238048042
1513048011.878722906 117.322582591010 5.408244340318 1.238342725044
1513048012.822242975 119.782393653832 5.900999332292 1.219391945494
1513048013.765798092 122.148870389078 6.704764980301 1.158362420603
1513048014.604542017 124.177598236326 7.781845431111 1.059058240620
1513048015.757721901 126.903166138065 9.925393155503 0.950057130689
1513048017.015841961 129.515172711263 13.234415579370 0.871830002547
1513048018.273857117 131.528252879672 17.402245889751 0.793847701541
1513048019.322249889 132.626558051849 21.358803793340 0.764430320851
1513048020.685156107 133.143335936179 26.917910554006 0.678111095022
1513048021.314196110 133.142035909331 29.633362912297 0.656879881040
1513048023.096640110 132.997582859268 37.628778262531 0.598851107281
1513048025.402894974 132.820775722940 47.933318509410 0.493010803159
1513048027.290010929 132.645122005970 55.828466841859 0.407556247666
1513048028.862586021 132.332747858761 62.424218639019 0.352138989893
1513048030.854511023 131.919279591874 70.640554364829 0.311716847084
1513048032.427118063 131.650751050022 77.126761225593 0.220957179310
1513048033.370645046 131.531418963546 81.189525881719 0.180488848279
1513048035.152903080 131.332292194673 89.160244455961 0.079944244675
1513048036.306143045 131.197088905530 94.525678549988 0.017469847537
1513048037.354533911 131.022646089902 99.518638810688 -0.014711359975
1513048038.088433981 130.902361969931 103.001003151020 -0.047241132118
1513048039.451289892 130.709496268422 109.399580583380 -0.088975940537
1513048041.233572960 130.490390160230 117.934805092606 -0.131009963802
1513048043.120676041 130.271708353517 127.177764678109 -0.165528359349
1513048044.169066906 130.124155045825 132.257474707771 -0.183598125747
1513048045.741652012 129.901766598116 139.852720173015 -0.199863576462
1513048047.104552031 129.632947015995 146.521530353177 -0.215635980125
1513048048.781949997 129.108974423838 154.842426342546 -0.209257881404
1513048050.669056892 128.439691207727 164.396159009026 -0.208173889444
1513048052.661011934 127.744394164136 174.806353220708 -0.211040730568
1513048054.757795095 127.176670236181 185.706187487220 -0.183287241843
1513048056.016118050 126.923746496173 191.818705684354 -0.155734260594
1513048057.902934074 126.659349042325 200.431287455149 -0.111641159487
1513048059.265923977 126.518227136424 206.575854232066 -0.055569850263
1513048060.733609915 126.391068694454 213.014730949662 0.014675067837
1513048063.040052891 126.106449964596 222.994338928841 0.168237340129
1513048063.773914099 125.961937723456 226.197008917339 0.219885545483
1513048066.080370903 125.277378010625 236.349724383970 0.379270159484
1513048067.757791042 124.741015345628 243.383140992017 0.484516394701
1513048069.749737024 124.035833853009 251.290267586401 0.599169851081
1513048071.846512079 123.515944391013 259.007247451680 0.715933833914
1513048072.580394030 123.393699519354 261.717156661160 0.724609901272
1513048073.943309069 123.301727931300 267.017415839708 0.766556893857
1513048075.620716095 123.282758835524 273.990784109671 0.828794830961
1513048076.983618975 123.278113188448 279.823188604769 0.859638672080
1513048079.395473957 123.079460987366 290.652074762082 0.881586768872
1513048080.548130035 122.889304175385 296.196534694369 0.888402601484
1513048082.644911051 122.603552825404 306.521110619247 0.783098750023
1513048084.636837006 122.317225137307 316.205806370671 0.724458843679
1513048085.999758005 122.071871719293 322.820931837365 0.650699054015
1513048087.362669945 121.795216623104 329.546298681325 0.553158796629
1513048088.725585938 121.494942243346 336.270216473516 0.494303032347
1513048090.822339058 120.929996428874 346.584334966308 0.282378759787
1513048092.080396891 120.596610468404 352.766858156121 0.149823499398
1513048093.862677097 120.125767488399 361.477729287582 -0.028865498059
1513048095.540097952 119.752590952225 369.673602875916 -0.233661229218
1513048096.902992964 119.522908904958 376.201893444091 -0.406782065018
1513048098.790092945 119.780553814259 384.560938556703 -0.641056371363
1513048100.362689018 121.573012477282 390.301788385789 -0.807457796754
1513048102.354794025 126.817476789321 394.814452283101 -0.877594394240
1513048103.507839918 130.803577625905 395.986915311730 -0.859799395299
1513048104.870744944 136.024141064828 396.851022529573 -0.814955493322
1513048106.338480949 142.213699652088 397.404214839626 -0.763905039226
1513048108.015913010 149.806198434814 397.595347411608 -0.719362126607
1513048109.273972034 155.568179424380 397.559041303240 -0.682422302307
1513048110.741712093 162.419786779577 397.601381915341 -0.642332049247
1513048112.419137955 170.259283236184 397.997971968893 -0.552294486929
1513048113.153004885 173.697409002647 398.188066847070 -0.515773339760
1513048114.725842953 181.181306207505 398.608607110403 -0.455644879641
1513048115.878849030 186.703097960922 398.925490331485 -0.415142327977
1513048116.612679005 190.244714402138 399.060783873773 -0.395155743687
1513048118.080440044 197.397806845015 399.188416585464 -0.325926115095
1513048119.443346024 204.106416304228 399.332251546008 -0.288644416668
1513048121.330455065 213.488371240274 399.671010164206 -0.201335213496
1513048121.854633093 216.097396450134 399.791083747808 -0.174028188574
1513048122.588524103 219.738078191169 399.981650838335 -0.138553877616
1513048123.741729975 225.482466769775 400.377627392772 -0.097004523499
1513048125.733684063 235.421329157147 401.175350077017 -0.027180567169
1513048127.096611023 242.145786580096 401.311378482451 0.024079429484
1513048128.354677916 248.304423977512 401.197381336372 0.038632671797
1513048129.612719059 254.290934646808 401.082816751154 0.073874452733
1513048131.080461025 261.195472077960 401.084566150220 0.126789836351
1513048132.128860950 266.070862139919 401.221261802494 0.172876644630
1513048133.806267977 273.533900826670 401.489704907437 0.242098270643
1513048134.959531069 278.515495201805 401.615971765582 0.272091328278
1513048136.322406054 284.314385317497 401.791028145689 0.316284845614
1513048137.685301065 290.015486567202 402.072136959561 0.389855410303
1513048139.258531094 296.746041980287 402.433452048483 0.421345855964
1513048140.306272984 301.259976330405 402.699030480619 0.422698596617
1513048141.459511042 306.175661578661 403.029514910516 0.387841991177
1513048142.612726927 311.215343073170 403.406928248586 0.399960338453
1513048144.290154934 318.553493148733 404.148921131035 0.480172034920
1513048144.919188976 321.283345925023 404.499679075736 0.502584874338
1513048145.757894039 324.836694870875 404.957920021286 0.502361221562
1513048147.015958071 329.977162819556 405.611214210136 0.539166200711
1513048148.693368912 336.552648182147 406.481550218517 0.557719594883
1513048149.951456070 341.422083889124 407.036596616619 0.536831674120
1513048151.419209957 346.954133098127 407.054806132685 0.542192736112
1513048152.572421074 351.127345594327 406.644784463221 0.549961064821
1513048153.830530882 355.125509205686 406.314670448593 0.536276882091
1513048155.193515062 357.828435022152 406.218507842535 0.501490506904
1513048156.451457024 359.147392764512 406.078320722153 0.497751656666
1513048157.604821920 359.915694352897 406.016189825444 0.489307899338
1513048158.233722925 360.188297886559 406.016320955051 0.484911632836
1513048159.386964083 360.399219159462 406.047671262144 0.491342347005
1513048159.596623898 360.407030607324 406.049863847345 0.491396078731
1513048160.330486059 360.555470786579 406.045101803666 0.483438729055
1513048160.749857903 360.716563537569 406.040012720119 0.475083252322
1513048161.588562012 361.328591404780 406.036401502292 0.459818486790
1513048162.217602968 362.131976540610 406.035241721365 0.443589525398
1513048163.056302071 363.624198977875 406.071624309703 0.407451843831
1513048163.580497980 364.790043352035 406.126646902049 0.404293736886
1513048164.419220924 366.979171005382 406.267872080133 0.403098036052
1513048165.048253059 368.839413989786 406.424599487043 0.405947028085
1513048166.515994072 373.759174756947 406.938652468295 0.456091641936
1513048167.145035028 376.107719156034 407.161258993134 0.475216484491
1513048168.507935047 381.329774714463 407.591768970380 0.452337090363
1513048169.241781950 384.110368122508 407.801222854024 0.463798841080
1513048170.709547997 389.640616869197 408.171056325893 0.495896151441
1513048171.233730078 391.594650151976 408.291309626934 0.514785929975
1513048172.701505899 396.961803566760 408.626258558966 0.493329272476
1513048173.645009995 400.427761360171 408.779071132030 0.477492776645
1513048175.007937908 405.521368455766 409.114041470125 0.473458843284
1513048175.741790056 408.296708856233 409.308303433774 0.475887696093
1513048177.209542036 413.734256639528 409.786601277844 0.443456464524
1513048179.201483011 421.304106367700 410.509747825138 0.444040293285
1513048179.935362101 424.053655092907 410.703172195986 0.477983372017
1513048181.193408012 428.709934845264 410.924152133798 0.487321391853
1513048182.661168098 433.984172985539 411.145427656172 0.500994659205
1513048184.653100967 441.295067766255 411.832549077754 0.436670593004
1513048186.225692987 447.320357967265 412.222139105739 0.425161081685
1513048187.798263073 453.361340794577 412.707502200280 0.414462246287
1513048189.580565929 460.120353662808 413.281001561962 0.427259115835
1513048190.314448118 463.073524061903 413.527561593622 0.428558242980
1513048191.362787962 467.363413681101 413.942683055836 0.400512136192
1513048192.096651077 470.381383132639 414.157945223979 0.417038761364
1513048193.249912024 475.140923810395 414.527224277021 0.491378613268
1513048194.927310944 482.269372280693 414.932025793177 0.296116121888
1513048196.290220022 488.035629710697 415.386574970980 0.351156027928
1513048197.653124094 493.958218285814 416.045397957250 0.384659331383
1513048198.491830111 497.693856576960 416.550542651166 0.425538015074
1513048199.435373068 501.841636778815 417.026633841524 0.318734045531
1513048201.217664003 509.299509894449 417.646320533981 0.204219168539
1513048202.685383081 515.280767135585 417.985205823454 0.120184543860
1513048204.362848043 522.253633690907 418.144878325058 -0.012861400933
1513048206.040222883 529.256873642631 418.716720197935 0.058168710858
1513048207.403120041 535.270140707262 419.576960060767 0.733986201327
1513048209.080548048 542.773210700993 420.164614002742 0.863624438419
1513048210.653125048 549.620887365444 420.825799331845 0.788024934436
1513048211.596718073 553.720570701218 421.213800744265 0.763282694129
1513048213.064426899 560.124903112959 421.839986895010 0.728492111751
1513048214.007973909 564.229700179983 422.298039129046 0.699034864446
1513048215.266031027 569.631710807933 422.908513504167 0.656560161149
1513048216.419276953 574.495954462442 423.240079645353 0.635631836637
1513048217.887027025 580.654986982018 423.285991492518 0.703112066582
1513048219.354789972 586.886664741593 423.359279993278 0.786933535642
1513048220.612828016 592.408799184968 423.604508330510 0.763442416254
1513048221.556368113 596.612554557505 423.929572401602 0.743109157594
1513048222.604727030 601.199131460523 424.209893283261 0.740327481979
1513048223.128976107 603.447893661521 424.324253096895 0.731250419425
1513048224.282176018 608.444736736126 424.580559888882 0.677674894761
1513048224.806436062 610.768971923315 424.680936296299 0.683039681061
1513048226.483789921 618.366641048979 424.875022574646 0.617656255497
1513048227.112833977 621.276253522212 424.961988909082 0.599293382338
1513048228.161242008 626.228820287619 425.198467854885 0.578007368993
1513048229.209625006 631.075704729780 425.496717939699 0.522558925310
1513048230.991883993 639.764048296129 425.654180200748 0.508289466135
1513048232.249947071 646.081378031436 425.731429138726 0.480542686383
1513048233.717696905 653.677050327966 425.985067063509 0.493590352033
1513048235.290271997 661.991008194336 426.309366850210 0.462426428710
1513048236.548326015 668.426777090676 426.708009928426 0.463935244326
1513048237.387032986 672.616243066930 426.923838649780 0.413830420920
1513048238.854790926 680.068779036490 427.278984265837 0.309646501402
1513048240.637052059 688.983728915960 427.623284188131 0.222635320056
1513048241.790277958 694.452057682516 427.925872311149 0.210393081721
1513048243.153189898 700.645313283288 428.258721929145 0.183630768715
1513048243.887027979 703.905399356792 428.497661530128 0.179872255263
1513048245.145108938 709.385905305562 428.839924376953 0.157881844725
1513048246.298342943 714.325325491338 429.071425818046 0.131390698478
1513048247.556406021 719.715126469127 429.376136840168 0.045237832139
1513048249.128982067 725.514556803101 429.563560909677 -0.005146498481
1513048249.967690945 728.136710016967 429.470024986380 -0.033725153099
1513048251.749952078 733.095731656021 428.318725610956 -0.209646151675
1513048253.322765112 736.830343628287 425.268808700880 -0.338984333201
1513048254.895116091 741.067107600260 421.710028599114 -0.472991399786
1513048256.362889051 745.897460321219 418.858727253533 -0.540478833313
1513048257.830641031 751.414009151481 417.173315000618 -0.465241401296
1513048260.241892099 761.350344145457 415.630096618840 -0.417756489322
1513048262.129040956 769.624596338007 414.361957906894 -0.375493784641
1513048264.225765944 778.539587137535 413.495020455621 0.050860435033
1513048266.427421093 787.987422837541 413.109512104532 0.386091668597
1513048267.790323019 793.766357489485 412.740083462633 0.463578847206
1513048269.362890959 800.473134048590 412.444698768722 0.525715916080
1513048271.040297985 807.688856680444 412.293223645861 0.576870745485
1513048273.346775055 817.970379957238 410.989014792216 0.683665280712
1513048275.024189949 825.177685710182 410.084275715680 0.809261041548
1513048276.701601028 832.338221140233 409.218562003961 0.888390890486
1513048278.274182081 838.894516560945 408.526878073735 0.975841025314
1513048279.322577953 843.271549927557 408.232092576604 1.040982588088
1513048280.999996901 850.730007350890 407.696618151736 0.917498603137
1513048281.629020929 853.460024312180 407.510426175388 0.917547717813
1513048282.991981030 859.458208979884 407.901736814493 1.089194962181
1513048284.145169020 864.488882150415 407.671922907748 1.237520987030
1513048285.717739105 871.228276029184 407.052529167999 1.200155002365
1513048287.395144939 878.779145380974 406.311589774024 1.173434217454
1513048288.548388958 883.997493388851 405.831562443347 1.369814034212
1513048290.540358067 892.788299511088 405.138596424808 1.326613052642
1513048291.903223038 898.966735446990 404.652221292578 1.677615235744
1513048293.580709934 906.400786297240 403.559164528812 0.991200641175
1513048294.104861975 908.670389169376 403.209319396174 1.286865836071
1513048295.258083105 913.625691387581 402.485441499818 1.648901618164
1513048297.040422916 921.525665234255 401.285254853364 1.853840093823
1513048298.717787027 929.416111302629 399.830865438642 1.715312666562
1513048300.080688953 936.083470644128 398.792002329314 1.314838565907
1513048301.862937927 944.362008373208 397.994360612944 1.377764552170
1513048303.225847006 950.531769351637 397.367405561159 2.004410189344
1513048305.008093119 958.408689127927 396.702948259066 2.240769955899
1513048305.846785069 961.991710105328 396.313650500812 2.173662175365
1513048307.629074097 969.414067582401 395.386178662395 1.898755342721
1513048309.516135931 976.943503662519 394.309344147718 2.008421216940
1513048311.298403025 983.938222999377 393.285285451346 2.057990519697
1513048311.927450895 986.053167976018 392.973318441211 2.121537955217
1513048312.871104956 988.674323146095 392.492300496227 2.024469391289
1513048314.338732004 991.496524696470 391.788463209570 1.995587810392
1513048315.911417007 994.588121708058 390.803010917324 2.213658320431
1513048317.588747978 998.421336781703 388.152598933945 2.374184390476
1513048319.895206928 1001.138024008679 380.458965187515 2.388598084962
1513048321.887140989 1000.518797434972 372.981245647926 2.923512638448
1513048323.774235964 999.586912421595 365.857963010186 3.581011268351
1513048326.080871105 998.735429413451 356.431319395768 3.254669184406
1513048327.548425913 998.012975957442 350.092597769590 3.412415428574
1513048329.645216942 997.176223981534 340.739261322921 2.474378938038
1513048331.322630882 996.817062037231 332.862426903619 2.607496048214
1513048332.371014118 996.577247386862 327.889163499827 2.804182894137
1513048334.048451900 995.955988930423 320.040841886589 3.179583830261
1513048335.621025085 995.225177653646 312.587229489823 3.319839103723
1513048337.088758945 994.619213442170 305.465211905281 3.338115080982
1513048338.556504965 994.263336601889 298.140367109701 3.565268337296
1513048340.024249077 993.700647801759 290.961810273844 3.770132890591
1513048341.596832037 992.694023566127 284.127433525551 3.690028225195
1513048343.064579964 991.800237495949 278.197501782805 3.666977967420
1513048344.532330036 990.971110987195 272.151777474658 3.328298360339
1513048346.000067949 990.106270224973 266.135111995898 3.082882449157
1513048347.258131027 989.445153781902 261.172913356509 2.644343394049
1513048348.516196012 989.877224942768 256.369184862291 0.922238023181
1513048350.298449993 990.286714126283 249.714914881902 -0.141542910181
1513048351.556529045 990.778900399135 245.009501743797 -0.208440057686
1513048353.129225969 991.979410960981 238.749083088291 -0.198403775644
1513048354.072662115 993.077770138781 234.732299337845 -0.247687895526
1513048355.435550928 995.181704906487 228.863458075209 -0.231513164069
1513048356.589052916 997.169789478539 224.000047248893 -0.254749493400
1513048357.846852064 999.532302541057 218.960893574947 -0.272351267253
1513048359.104918003 1002.145576433954 214.098068500461 -0.242372908801
1513048360.048506975 1004.054514006470 210.358797617501 -0.249491311162
1513048361.725894928 1007.098402596504 203.440183164063 -0.250969136172
1513048362.879288912 1008.811644193332 198.239568726222 -0.260840100456
1513048364.556526899 1010.926767400822 190.127948633639 -0.295660631669
1513048365.500086069 1012.077129630747 185.502040165188 -0.294132408554
1513048367.177532911 1013.853715913104 177.487447297958 -0.312798944355
1513048368.645250082 1015.079339132266 171.217833200738 -0.303125884630
1513048370.008143902 1015.810029983683 167.308752319423 -0.282262493850
1513048371.685564995 1016.437115522520 164.124930896948 -0.297838221767
1513048372.419445992 1016.867498479192 162.673362565193 -0.294051349237
1513048374.096868038 1017.877276484793 158.571355367288 -0.288491468843
1513048375.669465065 1018.028622007407 153.852429393066 -0.301296814767
1513048377.242036104 1018.236449622418 148.124666151718 -0.366644892519
1513048378.500122070 1018.706082202192 143.275878796237 -0.284677527068
1513048380.596880913 1019.855133945737 136.555501803750 -0.198585731801
1513048381.959888935 1020.781214004430 132.794338548390 -0.163565450520
1513048382.798482895 1021.390713324525 130.333518272979 -0.147904815456
1513048384.371076107 1022.348353287327 125.317714845151 -0.136336815753
1513048385.629148006 1022.957823094973 120.893958672718 -0.116265067103
1513048386.887279987 1023.303842648776 116.154999600963 -0.090055281848
1513048387.411402941 1023.328264019310 114.102430186045 -0.097333033524
1513048388.250180960 1023.197088761092 110.687183714417 -0.114097309349
1513048388.564616919 1023.107001097582 109.389767448922 -0.122972985403
1513048388.984040976 1022.983182543972 107.665096351452 -0.136551810324
1513048389.613115072 1022.746634194679 105.118066454222 -0.156233464043
1513048390.661401987 1022.254123514425 100.822859246343 -0.188506194594
1513048391.080765009 1022.021114028798 99.082952029090 -0.200796931312
1513048392.024317980 1021.488892282576 95.187887839181 -0.219761308755
1513048392.758183956 1021.073227328685 92.192813475301 -0.240551794311
1513048393.911418915 1020.440160553473 87.484638592236 -0.301111794813
1513048394.225933075 1020.302580078595 86.202988436174 -0.318538322346
1513048394.750144958 1020.036488003687 84.062611328598 -0.265607658237
1513048395.798567057 1019.477298504971 79.878206012140 -0.289926511587
1513048396.532388926 1018.967829819637 76.998817795039 -0.269093502755
1513048397.266268015 1018.311247494541 74.283667406212 -0.278676553153
1513048397.895275116 1017.670985556841 72.108410628072 -0.281464649278
1513048398.209809065 1017.322964502912 71.060611847245 -0.283978675092
1513048398.629231930 1016.833127112703 69.702810917594 -0.280246366260
1513048399.153363943 1016.174400041993 68.064446142842 -0.287198022972
1513048399.677807093 1015.468539767217 66.518814023719 -0.299700377889
1513048400.201742887 1014.692668096102 65.084219863871 -0.304206121396
1513048400.725956917 1013.883890885963 63.756435108288 -0.317260475011
1513048401.250123978 1012.990488518747 62.519774531366 -0.309594436350
1513048401.774322987 1012.015728077020 61.382987860191 -0.292471587027
1513048402.822710991 1009.676324405209 59.634814780204 -0.267330213788
1513048404.185616016 1005.760829354015 58.528803872705 -0.239992332773
1513048405.863642931 999.938854080381 58.499169897673 -0.246190234661
1513048407.016292095 995.315967538263 58.714539220116 -0.270724119775
1513048408.589077950 988.302134611015 58.755226012900 -0.243853873891
1513048410.161669970 980.879249792223 58.557408512385 -0.204863235148
1513048411.524332047 974.281667647718 58.404341971366 -0.219252089637
1513048412.677680016 968.614240843752 58.284440531085 -0.234194687611
1513048414.564659119 959.349213348666 58.154999889496 -0.224708582496
1513048416.138269901 951.954081505713 58.057704372460 -0.207474759355
1513048417.395320892 946.093097142666 57.911310621952 -0.208616117832
1513048418.758217096 939.540050378338 57.841200765813 -0.215452754160
1513048420.435642958 931.389938664060 57.711909696813 -0.175479179525
1513048421.484025002 926.273434635592 57.576639462899 -0.122815745464
1513048422.428081036 921.532807761665 57.277483392359 -0.040772695085
1513048423.790505886 914.801264272075 56.967379347513 0.009680824360
1513048425.153373957 908.137871611691 56.481999232144 -0.008425347551
1513048426.830795050 899.919233559281 56.006817513877 -0.024226347650
1513048428.298552990 892.530967694474 55.395551381394 -0.042459879366
1513048430.185652018 883.002677128556 54.462151313456 -0.067141137959
1513048431.653397083 875.725395274741 53.745579810419 -0.156728796475
1513048433.225992918 868.199892497058 52.721742844172 -0.145115041731
1513048434.169519901 863.754154560023 52.012911070865 -0.106177213379
1513048435.322746038 858.496227813967 51.044576409647 -0.021964489890
1513048436.790488958 851.836775910044 49.565269239729 0.004509287600
1513048437.943718910 846.634094083160 48.520319918357 0.032147173717
1513048439.306622028 840.660222641595 47.391832998104 0.283295593796
1513048440.355694056 836.078647714491 46.609376126706 0.369077398297
1513048441.927580118 829.046880097645 45.365241417717 0.238881275560
1513048443.395330906 822.675007502012 44.289410129700 0.175338682962
1513048444.338890076 818.597462843384 43.538624860507 0.070004514060
1513048447.169548988 806.468523592896 41.471375163248 0.022957080517
1513048448.113121033 802.511518027043 40.801640357540 0.106941819831
1513048449.895373106 795.096616128131 39.585307075066 0.075542924562
1513048451.048563004 790.287320410372 38.721198387845 -0.064115129459
1513048452.830837965 782.636245969765 37.309556793085 -0.305348643925
1513048453.774405956 778.577768747780 36.494532300059 -0.305078089187
1513048455.242137909 772.055020692705 35.085048157933 -0.354965134437
1513048456.185673952 767.848951540679 34.174093254728 -0.269919212515
1513048457.967921019 759.815067523572 32.733884824557 -0.450845711256
1513048458.492121935 755.318864757098 32.365582201035 -0.402146686569
1513048459.435683012 749.599753846063 31.738571720881 -0.357594685728
1513048460.798582077 743.015958830984 30.834710030601 -0.309263107705
1513048462.161494970 736.670055183472 29.849866059631 -0.346280540745
1513048464.048676014 727.727229242881 28.308899439386 -0.454689155386
1513048465.830885887 719.314456015413 26.769422074063 -0.455657645166
1513048467.613109112 710.897818060702 25.258157845548 -0.413139695427
1513048469.290537119 702.780131388068 23.922111633504 -0.335436159223
1513048470.967950106 694.622951509040 22.550450209411 -0.347013448962
1513048472.855106115 685.541159539084 21.157715582209 -0.345980375777
1513048474.847296953 676.260591277489 19.588981413285 -0.396957969046
1513048476.105057001 670.536170823068 18.657256795368 -0.348029580109
1513048477.992142916 662.086227868457 17.234590660280 -0.389416009754
1513048479.040541887 657.472798848825 16.386706514939 -0.375156376350
1513048481.032527924 649.038924264412 14.631335390939 -0.384723172061
1513048482.500220060 643.060837162129 13.515986589015 -0.477998702587
1513048484.177649975 636.339871095191 12.378578119829 -0.442239916099
1513048485.121186972 632.806974430074 11.877497202224 -0.523965332612
1513048486.064743042 629.312920042795 11.388685054739 -0.562665860415
1513048487.427651882 624.411488656338 10.657428862867 -0.614192990897
1513048488.790559053 619.622283361988 10.017898785019 -0.548649812086
1513048490.677649021 613.302529623840 10.306285434665 -0.594891417243
1513048492.459916115 608.153901347336 12.516232114226 -0.491867557051
1513048493.508289099 605.948689244151 14.701931594142 -0.449877204594
1513048495.395401001 603.854121592211 19.729380866730 -0.453002877769
1513048497.072835922 603.404799645478 24.580264041069 -0.463843509136
1513048498.226057053 603.291264126126 28.211459493899 -0.483117523743
1513048500.113166094 603.139534836641 35.083243308650 -0.497076803492
1513048501.790549040 602.980040928467 41.844245660959 -0.402747777084
1513048503.782526016 602.632435205655 49.877760932748 -0.264918623282
1513048505.040570021 602.497201080416 54.924669646041 -0.192147077934
1513048507.032552004 602.266789841800 62.948163798381 -0.100165165695
1513048508.290579081 602.073132996761 68.078051894829 -0.014302953353
1513048509.967999935 601.753203681743 74.994124367995 -0.058690626718
1513048511.959938049 601.452476754783 83.035279531966 -0.077344414673
1513048513.637357950 601.175830253040 89.732891431497 -0.078944076183
1513048514.790585041 600.978331084697 94.303489700636 -0.147480173550
1513048516.153508902 600.741402160487 99.633318353088 -0.143193624561
1513048517.726098061 600.433807011064 105.704837969221 -0.173374064609
1513048520.137361050 600.038822021916 114.811278546192 -0.241035610221
1513048521.185779095 599.974426185829 118.766012465870 -0.220227757580
1513048522.443811893 599.839338769062 123.516194736049 -0.242277360748
1513048524.226074934 599.515759011960 130.333848890808 -0.228097028206
1513048526.008317947 599.168581881662 137.486720766775 -0.229435349953
1513048526.951880932 599.010442816285 141.430513565739 -0.240768375525
1513048528.209997892 598.785360398248 146.743354369477 -0.171862679375
1513048529.782545090 598.459844082313 153.544843964607 -0.153651459525
1513048530.830938101 598.205579295373 158.088867902001 -0.096323523806
1513048532.193845034 597.984036097652 163.906877757568 0.020432098340
1513048533.347060919 597.855151723355 168.763746729022 0.123680944998
1513048535.234519958 597.657820705434 176.573561953770 0.235536641913
1513048536.911573887 597.318476604173 183.309964810813 0.287649990551
1513048538.588999987 597.166703591151 190.280704380675 0.195378032761
1513048539.637382030 596.984960401408 194.577187745951 0.134393355059
1513048541.000287056 596.642143106286 200.058181184172 0.217387879784
1513048542.363189936 596.339102805756 205.498104646535 0.133464854897
1513048544.145453930 596.234072044320 212.740987391852 0.090581292236
1513048545.403513908 596.122232277130 217.889835570305 0.043894138433
1513048547.395462036 595.844840644467 226.148594940284 -0.019035586892
1513048549.177710056 595.581170920629 233.923201936371 -0.059362585958
1513048551.169653893 595.204094949549 242.695480678089 0.072779636801
1513048552.218044043 594.905052924168 247.208264881770 0.166356020765
1513048553.371321917 594.683927662101 252.156445215257 0.249790601756
1513048555.572922945 594.390327492478 261.615769261717 0.342895469373
1513048557.669657946 593.882104756518 270.380761327618 0.358987481211
1513048559.766442060 593.513415531534 278.791830214242 0.347086982259
1513048561.968063116 593.159243092405 287.362538953192 0.257797878221
1513048563.540632963 593.093665320684 293.798847651863 0.125074801824
1513048565.951981068 593.010549438581 304.239285295546 -0.116350107293
1513048567.314860106 592.523023370198 309.461509911917 -0.094465053774
1513048568.677772045 591.753256398394 313.726561999343 -0.048536845299
1513048570.040627003 590.937342070255 316.187667920130 -0.023010759969
1513048572.347122908 588.279852230978 319.406513399917 -0.058497596046
1513048574.548717022 582.393812101822 322.517007840209 0.068040583713
1513048576.960007906 573.540350148080 323.626385211503 0.191605578907
1513048578.847099066 567.163595709118 323.308129117819 0.234386156065
1513048580.524524927 562.483918016940 323.207045773264 0.034161963854
1513048581.992279053 558.817657251760 323.259996279562 -0.127263939410
1513048583.669694901 554.412824578880 323.328212657808 -0.243400817868
1513048585.451962948 548.703989037157 323.419233479986 -0.288267205384
1513048586.919677973 543.314293126084 323.031518572377 -0.277399095828
1513048587.863298893 539.597290949664 322.739272170008 -0.262909238739
1513048589.855202913 531.559051140475 322.215707701881 -0.287309692749
1513048591.008409023 526.921479458222 321.803606984232 -0.309052798467
1513048592.685854912 520.542500496401 321.311997120966 -0.327113678145
1513048593.839046001 516.516647573162 321.198916289475 -0.331472296427
1513048595.306854010 511.469142759720 321.026397243891 -0.303112956053
1513048596.669703960 506.686478655132 320.828788982801 -0.267332354223
1513048598.137450933 501.260785917051 320.662123295189 -0.238464820505
1513048600.548742056 492.030283671896 320.472165885123 -0.197798703222
1513048602.540688038 484.964610595455 320.315543109953 -0.169256552034
1513048604.637455940 478.037342259821 319.653310196055 -0.203754477573
1513048606.943934917 469.704262024968 319.017845946159 -0.099005588733
1513048608.306840897 464.607237941305 318.816410634973 -0.052245640012
1513048610.193912029 457.297827515530 318.488410477330 -0.027593235524
1513048612.081017971 449.590668642201 318.081782050116 -0.016954974047
1513048613.443914890 444.219895682517 317.939442139541 0.028324445268
1513048614.387497902 440.752584334236 317.793742579567 0.010362292845
1513048615.226183891 437.931974749805 317.655186840477 -0.043115632843
1513048617.113276005 432.386925374262 317.019609724964 0.047908491999
1513048618.056833029 429.792868561333 316.601532336839 0.033363304514
1513048619.839087009 424.595763451921 315.114326120215 0.224031530301
1513048622.355236053 417.697573159211 310.450927338260 0.074454845585
1513048624.137481928 414.377857953631 305.338415968316 0.296857961559
1513048626.863331079 412.240787441992 295.907374295578 0.748421445805
1513048628.855252981 411.658515032474 288.774541703397 0.956995631124
1513048630.323003054 412.051690735197 283.438649600517 1.081080101262
1513048632.000395060 412.306658167791 276.895040911006 1.128917097450
1513048633.677850962 412.792252208518 270.466684703030 1.680992553263
1513048635.250376940 413.262526112642 264.483749558096 2.179604353652
1513048637.137522936 413.736204879387 256.959917169772 2.070448753096
1513048638.395553112 414.035494728844 251.928639796444 1.980680761223
1513048639.234261036 414.265052391815 248.441579712007 2.214685768920
1513048640.911689997 414.758817811582 241.678582533868 2.318766969127
1513048641.645590067 414.994961521732 238.660730819435 2.295401125164
1513048643.532676935 415.021924364093 231.354498120053 1.777062011266
1513048644.895572901 414.943988491508 225.858270030932 1.643644195243
1513048646.992346048 415.153676745407 217.191174321192 1.461794463370
1513048648.879448891 415.532372426723 209.553903501888 1.710323810107
1513048650.242336988 415.847471951672 204.105060808140 1.941648267468
1513048652.653639078 416.558423967020 194.572646848552 1.794066649516
1513048654.645613909 416.863591228543 186.827155667100 1.344067954563
1513048656.322993994 417.077704698200 180.211875620578 1.209458267589
1513048657.685900927 417.218958929757 174.577693384664 1.305031962079
1513048659.153651953 417.263144763242 168.286224678830 0.402284877094
1513048660.411710978 417.468920460055 162.807063675411 -0.128638867438
1513048661.145622969 417.493913297957 159.587095709806 -0.390286057263
1513048662.718175888 417.559716549473 152.754181693229 -1.002445287566
1513048664.500411987 418.180625446319 144.976596028539 -0.893089498283
1513048666.806925058 419.255544288661 135.318402358405 -0.445349979302
1513048668.274619102 419.937935426873 129.624262890215 0.071622925200
1513048669.847250938 420.639972040620 124.089433688624 0.196147422442
1513048671.734343052 421.898700526661 117.802567091743 0.281216327279
1513048673.202056885 423.149470908193 112.537619530169 0.641802123452
1513048675.823075056 425.732878038639 103.102187877375 0.743586238867
1513048677.710118055 428.701367165193 96.410067856198 0.730823549548
1513048679.702055931 432.216254831788 89.060831944814 0.730472810661
1513048681.798844099 436.159539893028 81.651434858843 0.807914292682
1513048684.000467062 440.117776241065 74.959855073890 0.955894331496
1513048685.992953062 444.010307994850 69.567427549598 1.024155449735
1513048688.298849106 448.369790560858 62.863775503461 1.141722772421
1513048689.766592979 450.065579301194 58.780164634988 1.216295384054
1513048692.282696962 449.989359348949 50.648983492509 1.382615437769
1513048694.798872948 445.078474487967 44.000229908194 0.486661276980
1513048696.685950994 440.594633655488 40.176483016513 0.315678064697
1513048698.782718897 435.009679820893 35.439308550604 0.237482968647
1513048701.194072008 428.101223371662 30.207093846446 -0.052002968589
1513048702.871439934 423.483268880421 26.900545736819 -0.260370210207
1513048704.339214087 420.006959308185 24.329220458337 -0.488048986067
1513048706.540796041 415.779418385509 21.176114005315 -1.144561943629
1513048707.798876047 414.087708256584 20.075302215571 -1.399322021576
1513048710.105324030 410.648753918483 17.775944522307 -1.246926924618
1513048712.097259045 406.314371908188 13.898564091444 -1.225949118921
1513048713.984363079 402.797731726764 9.654324488342 -1.063548321074
1513048714.927906036 401.430515266914 7.775030774046 -0.830382254668
1513048717.339198112 395.971785635883 1.385418049385 -0.388044622036
1513048719.855319023 391.683171823573 -5.857931407243 -0.393228902337
1513048721.742463112 390.896083039410 -11.263691172507 -0.356239926166
1513048723.839214087 390.659056701906 -17.964152896395 -0.286834372419
1513048725.621459007 390.496286320496 -24.737713363450 -0.303206545545
1513048727.298885107 390.515344926558 -31.907737740929 -0.265428881136
1513048728.556945086 390.811974174077 -37.501221966419 -0.253089162972
1513048730.339220047 391.296144474834 -45.284282049607 -0.205862727451
1513048732.540831089 391.862540071950 -54.802135031089 -0.135053877413
1513048734.637635946 392.249343495275 -63.749775661984 -0.091583230432
1513048736.315022945 392.549681313842 -70.984245017117 -0.018061246559
1513048738.097275019 392.787690960516 -78.579552516752 0.077539143877
1513048740.613423109 393.230508023608 -89.684511324015 0.156627745313
1513048742.081233025 393.358707843577 -96.367841963180 0.208357426161
1513048743.653734922 393.627770516283 -103.547115789674 0.256927225053
1513048746.065038919 393.968383812414 -113.304994970952 0.259318145725
1513048748.371464968 394.543160381216 -122.601187962790 0.067192383391
1513048749.524724007 394.795407983868 -127.293510230494 0.088702138350
1513048751.306963921 395.030684486803 -134.220559005189 0.146182888442
1513048752.774703026 395.191852061955 -139.444661744770 0.168961829412
1513048754.032843113 395.029534373546 -143.069289033185 0.002620314747
1513048755.710417032 393.741570275406 -147.015489479376 0.197436920638
1513048757.492463112 389.750855590571 -149.557587047758 0.351347992816
1513048759.169981003 384.282172661990 -150.378423818251 0.240644609176
1513048760.847306967 377.626725969255 -150.768335474995 0.272801033928
1513048761.686014891 374.152215055030 -150.996563537243 0.278441847252
1513048763.048949003 368.520422861290 -151.291712008233 0.270021607921
1513048763.887626886 364.956510325060 -151.387689568199 0.286770266956
1513048764.621512890 361.774895789700 -151.483690797452 0.336336297385
1513048765.879566908 356.354312816160 -151.579291615612 0.410697036492
1513048767.242472887 350.605863112276 -151.660194680072 0.319743720388
1513048767.766693115 348.427858310692 -151.681904216826 0.272161090731
1513048768.605370998 344.995668799667 -151.725376128620 0.262979284548
1513048770.177957058 338.672371357256 -151.805942931599 0.243056346052
1513048770.911822081 335.735608017982 -151.820551431492 0.182175588214
1513048771.855379105 332.108978090249 -151.868259878981 0.182025309150
1513048772.589279890 329.471834226966 -151.939765771306 0.187003524072
1513048773.847315073 325.298309299871 -152.062924410486 0.140220548443
1513048774.581207991 322.997690530412 -153.340421688177 -0.066855550013
1513048775.315088034 320.884311471965 -153.599695143995 -0.219446038378
1513048776.782802105 317.348810056199 -151.991053448348 -0.289248052994
1513048778.250534058 315.265513880301 -148.275045644726 -0.266858486623
1513048779.403770924 314.792273672336 -144.306148858900 -0.256052606615
1513048780.452171087 314.746880202708 -140.134924640872 -0.220507486276
1513048781.919909000 314.727622575345 -133.705277282162 -0.171538766542
1513048782.863454103 314.632382856900 -129.446685929090 -0.193596065100
1513048784.331195116 314.369798457172 -122.694834839278 -0.222059414683
1513048785.694103003 314.063601263725 -116.332155958239 -0.237104310687
1513048787.266678095 313.896085794916 -109.125774065452 -0.234830896910
1513048788.524741888 313.619904688664 -103.401490246756 -0.217070620012
1513048790.202176094 313.342891592690 -95.937700357795 -0.230407769204
1513048791.774755001 313.058486578844 -89.353313389325 -0.227799382755
1513048792.508618116 312.916403086930 -86.308572071964 -0.235999319854
1513048793.242499113 312.766089038673 -83.266439822890 -0.248796960348
1513048795.234420061 312.371981481315 -75.123583865395 -0.240305057345
1513048796.702188969 312.155598908228 -69.188973920179 -0.234194491763
1513048797.855407000 312.062157262904 -64.404458131842 -0.227507262036
1513048799.532810926 311.996216719504 -57.223020190864 -0.237382583742
1513048800.476367950 311.902398949061 -53.088576698689 -0.241936729570
1513048801.839739084 311.725696649144 -47.006569759385 -0.242189205241
1513048803.307019949 311.316289290725 -40.417148394584 -0.243388203859
1513048803.831214905 311.125727698312 -38.050281992842 -0.235200667919
1513048805.403803110 310.655538674644 -31.026656276386 -0.222304995983
1513048806.032840967 310.529213698392 -28.261640445475 -0.220598834938
1513048807.395737886 310.354503067074 -22.345638258197 -0.201558790645
1513048808.024760962 310.272011727576 -19.616610632002 -0.196843194294
1513048808.863496065 310.156136090972 -15.971046474662 -0.201112593067
1513048809.597373009 310.046240228694 -12.875763539836 -0.212952595293
1513048810.855417013 309.863245897797 -7.979548424613 -0.232733958559
1513048812.218316078 309.728137469659 -2.899131089743 -0.256572357891
1513048813.581233025 310.243269217057 2.047358177307 -0.265923892112
1513048814.210261106 310.938314097674 4.139570759047 -0.250703505407
1513048815.678512096 313.918394813960 7.900603959349 -0.184131054184
1513048817.040901899 317.862591237615 9.457962432194 -0.106598339298
1513048819.137692928 325.047406396674 9.878146316216 -0.060241014264
1513048820.290904045 329.499039134326 9.993819817287 -0.063021079268
1513048821.548978090 334.598948795496 10.133203515601 -0.074987158809
1513048822.702208042 339.490008415881 10.297863173252 -0.087493478725
1513048823.960314989 344.932626973948 10.516842387459 -0.083776179024
1513048825.637757063 352.063312160283 10.856014650562 -0.105060508882
1513048827.419965029 359.415666980775 11.203474052886 -0.121573910263
1513048828.782860041 364.977265588922 11.418889836376 -0.128855062749
1513048830.145764112 370.454023594994 11.602376332299 -0.153375175079
1513048831.403848886 375.309438947305 11.742346504710 -0.180551808304
1513048832.871599913 380.745200917454 11.909011437322 -0.162917819563
1513048834.444156885 385.888771064303 11.112886680590 -0.126214520802
1513048836.750668049 390.616381104618 6.199315316864 -0.139791000085
1513048839.161901951 391.172815366119 -1.845449174319 -0.222352758310
1513048841.468360901 390.614764086658 -11.119581102424 -0.332565630286
1513048843.460298061 390.587623428476 -19.690018890166 -0.395269513314
1513048844.928189993 390.809527100732 -26.276978718659 -0.346096000755
1513048847.024811029 391.001769194679 -36.173663340284 -0.352322747047
1513048849.855465889 391.623227592716 -48.660106735115 -0.301794242838
1513048851.637722015 391.831203453271 -55.070318649115 -0.320529485884
1513048853.419967890 392.049836539473 -61.182299874112 -0.303199139024
1513048856.040966988 392.585576364343 -69.751932442759 -0.412051027465
1513048856.879662991 392.604971268099 -72.201575215423 -0.404133814057
1513048859.500641108 391.310339009768 -76.869808409753 -0.534295721454
1513048861.702243090 391.267303588959 -76.953091278307 -0.622976921664
1513048864.532896042 391.224532288419 -77.136708814032 -0.595146093020
1513048867.153873920 390.959642616446 -78.688910007105 -0.420756421820
1513048868.831304073 391.088873345512 -80.842424831375 -0.357401142729
1513048871.661983013 393.572973448324 -86.945720677587 -0.409974216058
1513048873.968578100 394.153678073021 -94.708584115012 -0.466821507709
1513048876.799048901 394.097286553109 -105.061035917987 -0.588362563304
1513048878.371629000 394.332502085965 -110.709890484431 -0.607768480240
1513048881.202275038 394.503424142259 -121.124495779849 -0.663675831958
1513048883.194192886 395.006853820463 -128.276855494162 -0.720617926617
1513048884.976603031 395.455312983649 -134.841025377324 -0.752567919027
1513048887.597448111 395.131383709620 -143.613287195300 -0.600162479488
1513048889.484539986 393.465317368561 -148.454625081651 -0.668342559005
1513048892.000673056 386.544729407681 -151.675638149075 -0.838568546882
1513048893.992613077 378.763970785245 -152.373885706407 -0.669476174967
1513048894.831326962 375.164073912625 -152.603297721537 -0.556699529792
1513048896.194205999 369.402730263987 -152.726220972887 -0.552492625814
1513048897.557121992 363.852380690297 -152.688683291467 -0.615467892612
1513048899.653892040 355.612610064789 -152.626435527083 -0.609534015310
1513048900.702315092 351.565996598658 -152.689252361560 -0.621925975442
1513048902.695617914 344.037735231571 -153.479679864875 -0.251297532024
1513048903.742624044 340.080531424892 -153.813623607627 -0.111440888514
1513048904.895853043 335.646729157208 -153.987623184058 -0.109890904590
1513048906.258745909 330.564371918399 -154.155076893349 -0.084191091695
1513048907.516819954 326.259792628091 -154.308318359949 -0.095274839263
1513048909.089421034 321.261710128560 -154.094820337933 -0.202884628022
1513048910.766995907 317.026818501788 -152.052006565488 -0.257050735020
1513048912.339405060 314.717008908754 -148.183048485646 -0.234219980694
1513048914.121665001 314.048163453778 -141.992121339262 -0.237784284990
1513048915.170061111 313.972318656523 -137.795139021492 -0.223696789628
1513048916.952302933 314.062307048054 -129.941776080453 -0.248196533776
1513048918.315213919 314.129527469114 -123.486640898553 -0.264297271281
1513048920.307358027 314.039926815115 -113.764919190809 -0.240702757655
1513048921.984586954 313.903207811028 -105.476525226593 -0.200759007294
1513048923.976530075 313.584960850742 -95.698857350518 -0.210342046939
1513048925.234599113 313.309147465501 -89.676288465166 -0.224232613987
1513048927.855571985 312.756271119482 -77.788636177265 -0.257621755265
1513048929.428128958 312.635698399807 -71.145738296445 -0.247231075231
1513048931.210406065 312.612839992113 -63.485069807539 -0.240350005832
1513048932.992650032 312.325902548135 -55.365036409498 -0.274006188334
1513048934.355555058 311.992238880355 -48.921472606185 -0.274620768856
1513048935.508785963 311.736202601943 -43.395593467475 -0.280830429454
1513048937.605559111 311.445625694042 -33.128198227572 -0.272402837257
1513048938.863672018 311.262962724283 -26.953566867832 -0.261005852476
1513048940.750720024 310.891442806630 -17.913033610607 -0.244133248405
1513048942.637820005 310.504500387332 -9.293473267304 -0.244034074550
1513048945.153963089 309.508411941863 1.199617843269 -0.255138025043
1513048947.355573893 305.472316780275 8.209110492486 -0.200065527587
1513048950.186295986 296.052060792484 13.400500735649 -0.212489150527
1513048951.863648891 289.397852348496 14.283219750711 -0.221304507867
1513048953.750747919 281.264190488583 14.228542731772 -0.232859498320
1513048956.162075043 269.820290142235 13.933995518844 -0.220068009075
1513048958.049149036 260.433135486710 13.394343030407 -0.233223152915
1513048959.936209917 251.019683541792 12.928447450901 -0.262495284085
1513048961.403954029 243.781140574783 12.491837017556 -0.266542663026
1513048963.500761032 233.660373424185 12.065111311976 -0.254372922836
1513048965.178177118 225.864470634260 11.864790506282 -0.223827462490
1513048966.960423946 217.828187261496 11.750695277103 -0.167951860637
1513048968.218492031 212.180825268376 11.853065374250 -0.111139294359
1513048969.371718884 206.852697008400 12.028808644954 -0.078700425452
1513048971.153989077 198.349513009201 12.305975878522 -0.005375596788
1513048972.412045002 192.483405339905 12.376311330077 0.078015497090
1513048974.194457054 184.651482175700 12.373722180825 0.199969076802
1513048976.395910025 175.363274235742 12.267094191067 0.305804585269
1513048978.073399067 168.103258475870 11.799777686521 0.363676021446
1513048979.750782967 160.853608837484 11.311396013675 0.433488631554
1513048981.008887053 155.579685099442 11.211209454587 0.462017400586
1513048982.476577044 150.419421165168 11.384514043065 0.497755458777
1513048983.944319010 146.557163462502 11.691250682974 0.553857834863
1513048984.678230047 144.860566450691 11.861317749744 0.571744249331
1513048986.250777006 141.333867991033 12.394301682173 0.685173266405
1513048988.347549915 135.916090181931 12.946611330418 0.819788713689
1513048989.920155048 131.988236296882 11.622964225874 0.891463638005
1513048992.331430912 130.104297000710 5.825684223123 0.932519678464
1513048993.904016018 133.075885978854 3.235647703700 0.846791724256
1513048995.371766090 136.756177156205 3.205070639626 0.791773506359
1513048996.420159101 139.613399299834 4.032340354432 0.742485288218
1513048997.992727041 144.632296383342 5.352657441617 0.616235015072
1513048999.984666109 152.108292325524 6.549795037850 0.521248190873
1513049001.662072897 158.933823268169 7.091719712470 0.485060406423
1513049003.968538046 169.024956046277 7.455939925835 0.399422854825
1513049005.855628967 177.502636304076 7.812207133769 0.356355161039
1513049007.742733002 186.256008971068 8.244994434865 0.217734949592
1513049008.791145086 191.341707392836 8.443225876285 0.140397480327
1513049010.258858919 198.788392441376 8.782742837200 0.043166104133
1513049012.565316916 210.956246777559 9.406857405289 -0.049798162857
1513049014.137904882 219.360997802469 9.861367233344 -0.142969329779
1513049016.758892059 233.111557234128 10.564845234533 -0.227307569352
1513049019.065330029 244.753298252959 11.016347548616 -0.245242849404
1513049020.847583055 253.145588384043 11.236112948964 -0.249845844042
1513049022.839529037 261.986215458461 11.359930174351 -0.228916900666
1513049024.936417103 270.828138920235 11.442291060245 -0.224708152165
1513049027.347600937 280.596226935892 11.679025560245 -0.237268707511
1513049029.549247026 289.019801929820 11.982259142718 -0.241498054498
1513049032.065340996 297.827881857361 13.387976743390 -0.210526868342
1513049033.952428102 303.411730448445 16.557207699778 -0.216563115737
1513049036.154052973 307.309960276999 22.930872402140 -0.250980102463
1513049037.936319113 308.173752366340 28.789850607231 -0.220280395725
1513049039.718569040 308.163201350342 34.508107717287 -0.245849720350
1513049042.129882097 307.979787179737 42.285744859847 -0.241370803215
1513049044.121813059 307.640606216675 49.056012661123 -0.248991642912
1513049046.113774061 307.269980859892 56.231536730947 -0.252829358607
1513049048.315357924 306.884706165204 64.670604780164 -0.278094455802
1513049050.621824026 306.496036719356 73.595654202408 -0.267862644869
1513049051.879869938 306.207066549818 78.353634325260 -0.239041235724
1513049053.557300091 305.758218913013 84.462156235304 -0.211703901344
1513049056.073434114 305.088228938370 93.148097238403 -0.232632193157
1513049058.065351009 304.780361724393 99.786712481884 -0.257961023282
1513049059.952466011 304.605542795880 105.934310718384 -0.294096056584
1513049061.629889011 304.564124183548 110.850109589193 -0.279926091721
1513049063.621829033 304.600245213960 116.987180026272 -0.261846443022
1513049065.194417000 304.575591532339 122.410704641320 -0.249660108981
1513049067.710529089 304.497542088207 132.364583220570 -0.229568326160
1513049069.492808104 304.604897783104 139.881366818995 -0.205345381749
1513049071.904087067 304.225043175601 150.019238401017 -0.265323367746
1513049073.896004915 304.025778740150 158.269225018303 -0.284501781397
1513049076.202486992 303.591329294392 168.208304664998 -0.288175522428
1513049077.565382957 303.252514657376 174.213068913133 -0.286278504563
1513049079.242806911 303.061568850160 181.401089104935 -0.246956001786
1513049080.396039009 303.017231003743 186.269320013820 -0.227502396380
1513049081.654093027 302.982183051625 191.457926553274 -0.294110382382
1513049083.226680994 302.710014346522 197.701733949666 -0.357431002746
1513049085.637980938 301.361617976466 207.393512639176 -0.298481209250
1513049087.629940987 300.961308274905 214.912943361414 -0.270160575209
1513049088.678302050 300.738992811993 218.738912895087 -0.257684226703
1513049090.775088072 300.469848470510 226.080258703114 -0.215538765584
1513049092.242824078 301.429092414023 230.826485949505 -0.228480781387
1513049094.444438934 306.762416148483 234.989795457232 -0.243084169254
1513049096.331530094 312.745498365100 235.438963367361 -0.216725716775
1513049098.323488951 320.252537591257 235.360517739406 -0.121885892412
1513049100.210619926 327.914002352129 235.352465531721 -0.085727779828
1513049102.202503920 336.320463539069 235.427093393086 -0.025919417028
1513049103.879919052 343.356678506256 235.620868601113 0.013254972654
1513049105.347693920 349.508245085525 236.050313451418 -0.098164101792
1513049105.976707935 352.144661395573 236.299619183078 -0.044429291604
1513049107.654138088 359.187227034918 237.174090867764 -0.037009034688
1513049108.492832899 362.672908347203 237.760660244782 -0.032015287756
1513049110.904133081 372.583115749447 238.974429531853 -0.138861780914
1513049112.057351112 377.314363808820 238.946454569441 -0.155459401010
1513049113.734833956 383.958686124841 238.579843231951 -0.188843220857
1513049114.363806009 386.348040632774 238.372663524292 -0.209488038753
1513049115.202622890 389.483424907305 238.002617967909 -0.232600588780
1513049116.879944086 395.616100587711 237.565739118277 -0.279592746805
1513049117.928337097 399.282982533455 237.516776969381 -0.269993457698
1513049118.662359953 401.631522022617 237.536626109918 -0.248891251504
1513049120.339637041 406.147998752863 237.094459139851 -0.287547277969
1513049122.017033100 409.966662771368 234.925409041113 -0.317701461629
1513049124.323499918 412.679948371071 227.868889340664 -0.334712758486
1513049126.315423012 413.035166918099 220.240393114368 -0.342611705846
1513049128.097697020 413.317057766223 213.336460712531 -0.411413046020
1513049130.299312115 413.597004069081 205.329726945024 -0.427348156958
1513049132.605792046 414.015203089826 196.695660506301 -0.401775750088
1513049134.388025999 414.518651822592 189.496621013095 -0.374892810015
1513049136.170277119 414.912889993020 181.955101218859 -0.356196493414
1513049138.057368040 415.160087531297 174.462456742686 -0.375310991237
1513049140.049326897 414.996540250785 170.437453881098 -0.481990279642
1513049141.831620932 414.364075989108 168.502722093903 -0.522538433649
1513049144.033204079 411.133700747785 166.148365080841 -0.653755433442
1513049146.444482088 404.034281072358 165.257639297496 -0.699718470457
1513049148.750943899 395.420254490835 164.799013554266 -0.640613299365
1513049150.218687057 389.530323019523 164.538290275433 -0.624359354651
1513049151.476778030 384.240848786231 164.436620476542 -0.685746796383
1513049152.839663982 378.596958306267 164.220542392549 -0.543813216128
1513049154.936429977 369.706466339954 163.950639758386 -0.389777891396
1513049156.509010077 362.818963868224 163.860263524102 -0.322143613285
1513049157.871937037 356.946052126414 163.818939807317 -0.196548661549
1513049159.549334049 349.724102947070 163.621219112460 -0.409910946616
1513049161.541274071 341.458146383139 163.155296362545 -0.409573883391
1513049164.162297964 330.875590054552 162.524221082849 -0.391996188803
1513049166.783221960 320.809827021841 161.450624806823 -0.173770692540
1513049169.509052038 311.513156113470 161.161013149416 -0.163558623583
1513049172.130008936 304.359531331370 163.481605191445 -0.216240676860
1513049175.170345068 302.174885810716 173.177612687615 -0.139591313400
1513049178.315495014 301.918128203348 187.283520467483 -0.154312794608
1513049180.831624031 301.465938563958 199.017943673956 -0.145859127370
1513049183.662293911 300.476533239764 212.136925860869 -0.158923384909
1513049186.283238888 299.866522611989 224.302672507527 -0.194676636274
1513049189.742940903 299.573239053714 238.587043877123 -0.231982532288
1513049192.363889933 299.177494675438 249.266970492641 -0.181306406570
1513049195.194597960 298.819844583552 261.971516772194 -0.169354394563
1513049196.662373066 298.488430212873 268.835933646462 -0.160152473006
1513049199.492937088 297.732424957146 281.361910072157 -0.083884877027
1513049201.065505028 297.424564238489 287.980919921635 -0.045978247258
1513049203.162292004 297.053414533711 296.247529214924 -0.018047014973
1513049205.049371958 297.135980933733 303.032433814757 0.011399829679
1513049206.622018099 298.221497132258 308.589973279988 -0.010816053628
1513049209.033266068 303.634942560888 314.914959136201 -0.042168926734
1513049211.759059906 313.652408535031 316.658140877780 -0.074388975547
1513049213.960680962 322.455907049432 316.611582270594 -0.111598323188
1513049216.476819992 332.999142828012 316.923922194966 -0.169512710111
1513049218.049411058 339.599494510236 317.190007791994 -0.246885372128
1513049220.146190882 348.662840517695 317.576191778158 -0.330907358066
1513049222.242959976 358.600882500805 318.132841928495 -0.396546860844
1513049224.339951992 368.688083610543 318.630657211462 -0.430342932967
1513049225.702627897 375.200691219201 319.005545341876 -0.457559131554
1513049227.380059004 383.219899616868 319.703728043123 -0.483752164722
1513049229.791354895 392.335559146396 323.178413133944 -0.549885854381
1513049231.363924980 395.241608856697 328.067063401997 -0.620777632090
1513049233.565565109 393.198121109010 335.873937651927 -0.540823277090
1513049235.452645063 388.163078349287 341.961226561878 -0.496681273554
1513049237.130069971 383.007767890446 347.575214274406 -0.282488591759
1513049239.331685066 376.031243970440 354.932129759549 -0.256224327408
1513049240.904278994 371.264149190590 360.085092977796 -0.235617771722
1513049242.686536074 366.712877699320 366.081730196921 -0.224146750887
1513049244.259124994 363.852206228565 371.708062843456 -0.293607010784
1513049245.726861000 362.344017482190 377.066231283449 -0.324849479766
1513049247.718785048 362.042357480828 384.589487184638 -0.343788599911
1513049249.920730114 362.641886766934 392.814308477431 -0.095735908746
1513049251.388161898 362.520565093786 397.415688597764 0.089574987396
1513049253.589766979 360.585955149449 402.731021797331 0.287898604650
1513049255.686548948 356.402938930792 406.191680929346 0.421962331048
1513049257.678477049 350.412639026821 407.472567166744 0.552830806095
1513049259.670423031 343.124191368374 407.581492112047 0.517773763520
1513049261.243000031 336.895280900903 406.887968945246 0.495286335633
1513049263.234937906 329.007469812227 405.924700007439 0.443893338677
1513049264.807539940 322.956028320561 405.221310104833 0.429004095619
1513049266.694612980 315.886837517100 404.564111000124 0.432708293061
1513049268.057804108 310.846067293242 404.266199471115 0.416981507322
1513049269.525271893 305.806951951967 404.176708123069 0.439209437472
1513049270.363975048 303.130967314965 404.090537789135 0.438379549556
1513049272.041409016 298.212753745028 402.927794989454 0.431034781005
1513049274.033343077 294.007182445764 398.635891008495 0.404814160903
1513049276.234942913 292.015839433246 390.934673904125 0.367364019977
1513049277.807548046 291.792499646883 384.546842855791 0.333102700023
1513049279.484950066 291.991132050486 377.293962317842 0.300810584041
1513049282.001080990 292.092902577611 366.281146797674 0.228602436859
1513049284.202707052 292.067189845915 356.957740668435 0.207155444915
1513049286.509136915 292.225684606164 347.098917958265 0.179407262062
1513049288.291419029 292.884190245568 339.635232071751 0.202726187702
1513049290.807544947 294.170209291216 329.828015245388 0.471987665477
1513049293.323718071 297.902893546381 321.671910773764 0.408372373411
1513049295.525312901 304.560459648068 317.516227421549 0.155320777445
1513049298.146306992 314.602765552309 316.310938088728 -0.134379293316
1513049300.138298035 322.735681077412 316.475003297323 -0.216142905393
1513049302.549484968 331.794745865157 316.946903218061 -0.254583484960
1513049304.541404009 337.151994126173 320.022379465384 -0.213620125834
1513049306.638700008 339.531472460681 325.801443406680 -0.218886148757
1513049309.049488068 338.824525506754 333.756065256974 -0.054797994953
1513049310.831746101 338.196416422819 340.233719564492 0.011103638160
1513049312.928531885 337.598761214953 348.371640042978 0.078855646451
1513049314.815629959 337.188912170117 355.875358051248 0.104290411011
1513049316.283370018 336.975194991308 361.676138513967 0.071223632146
1513049317.751137018 336.714631623929 367.414562382121 0.061835036323
1513049319.952723980 336.254245475181 376.042395484275 0.035128068569
1513049321.315639019 336.176705700450 381.340177043898 0.050496986044
1513049322.783382893 335.630414796893 386.871206644760 0.127808872077
1513049324.565635920 334.624097094675 393.282652961424 0.222165139467
1513049326.033392906 334.059553761002 397.543176759166 0.241015877518
1513049328.444685936 335.217906172066 403.383539486597 0.539280583427
1513049330.122100115 337.611372748005 405.705240354738 0.563738939763
1513049334.630171061 348.483979904873 407.093656527763 0.512493307850
1513049336.831768036 355.693198363088 406.088043189148 0.483614643218
1513049338.194689989 358.491467025724 404.053752020775 0.395100230169
1513049340.396303892 360.536255567309 397.281762993044 -0.009827319857
1513049341.864057064 360.922179357049 390.807976662355 -0.199435059292
1513049343.751166105 361.174430570669 381.889868103073 -0.288313555603
1513049345.952761889 362.363848776996 371.385722050921 -0.284620933096
1513049347.420506001 364.710629179183 364.813800084214 -0.289066762246
1513049349.307605028 369.849304409807 357.186963477786 -0.304717327969
1513049350.985014915 375.758331095815 351.112985689704 -0.260779400331
1513049353.291488886 383.880435226178 342.540035550813 -0.177531677943
1513049355.073734045 389.840288955840 335.975520002640 -0.141824699569
1513049357.275352001 396.528999262245 328.285485807588 -0.163177098576
1513049359.267287970 401.801915391675 323.032213577978 -0.059263255547
1513049360.735035896 405.930630811535 319.809135773133 0.053638174295
1513049362.831795931 412.390662545550 316.999913917170 0.165804364376
1513049365.243093967 418.655341169207 315.914477007966 0.215572985333
1513049367.864070892 426.631848709397 316.047022088908 0.122220320288
1513049370.485275030 437.628354300670 316.490961074929 0.086236267073
1513049373.210836887 451.260450113972 317.148055251414 -0.044582320604
1513049375.412457943 463.087637443735 317.329034890843 -0.125359593400
1513049377.194725990 473.273838007120 317.531514269064 -0.229443309928
1513049378.662471056 481.809294938324 317.482003287712 -0.228148701797
1513049380.235057116 490.393824997489 317.457696120017 -0.318756709724
1513049382.751182079 503.860310665130 317.442292640601 -0.363201468529
1513049384.744239092 514.312385319476 317.801195843731 -0.389992246474
1513049386.630234003 523.746362656163 318.528450533615 -0.401775789138
1513049387.573762894 528.387766446658 319.018879996531 -0.411688312683
1513049389.356039047 536.968993876868 319.451509989989 -0.399835230222
1513049391.243124008 545.914799195507 319.563170629516 -0.420134214303
1513049391.977057934 549.419267945750 319.669582557504 -0.416617432414
1513049393.654557943 557.485133709215 319.989708931067 -0.387523675949
1513049394.912487030 563.444294873303 320.177728390669 -0.093406974518
1513049396.799602985 571.813467592906 320.313071590309 0.038725564804
1513049397.848016024 576.205151424996 320.468768772203 -0.040797629047
1513049399.210861921 580.966045491343 320.778420922485 -0.186305738056
1513049401.097978115 586.356215004248 321.287558816423 -0.203986920036
1513049402.460882902 589.238464070540 321.372228515860 -0.187298208831
1513049403.614120007 591.656889375894 321.377294805819 -0.198142273410
1513049405.081844091 595.587283228273 321.308865005667 -0.193855050315
1513049405.606050014 597.302482859598 321.208124999884 -0.199694133478
1513049406.864336967 601.985592397766 320.808161928149 -0.363534420570
1513049408.227029085 607.849986014029 320.333370405422 -0.457636567987
1513049410.428633928 618.287389659568 320.228194118359 0.889723092788
1513049412.106067896 625.689023717085 319.587541302249 0.955095163083
1513049414.412545919 635.441317823796 318.617662462220 0.847483438219
1513049416.194767952 642.505462772783 317.885767495986 0.798192280742
1513049416.928646088 645.293982547614 317.619987197552 0.764548872576
1513049418.186709881 649.650681698557 317.169874924245 0.779184117512
1513049419.444770098 653.615385702850 316.797484840729 0.833480874634
1513049420.912513018 658.522295400021 316.741930576532 0.996998228692
1513049421.541547060 660.792486947112 316.761829147524 1.106097188580
1513049422.485157967 663.662842400720 316.669106056716 1.168375119255
1513049423.428646088 666.088513551471 316.467493853821 1.087199429656
1513049424.372208118 668.811071901697 316.195367972002 1.026112046341
1513049425.630244017 673.257740057507 315.781137130986 1.031380564645
1513049427.098000050 678.525142219724 315.025153157344 1.004301675961
1513049428.251229048 682.340080772787 314.483108354547 0.955133945225
1513049429.823889971 687.692601561763 313.993481920403 0.984760413663
1513049431.291546106 693.006004571753 314.125740021188 1.178001586741
1513049432.864139080 699.013948301559 314.358228828420 0.988874148250
1513049434.331887960 704.343025750922 313.807782825852 1.202857145647
1513049436.743182898 712.574256823205 312.681480532058 1.148886638701
1513049438.525449038 717.917661964905 311.819952988280 0.538513061135
1513049440.831887007 723.639948823311 311.685882869758 -0.312312635964
1513049442.719007969 727.393538311454 313.079220054150 -0.300912364895
1513049444.606086016 730.157317839869 315.251927037102 -0.231062348835
1513049446.807712078 731.916213014497 318.265484557477 -0.182084633267
1513049448.799633026 732.982572657971 323.369663145519 -0.209063033809
1513049450.372210979 733.334327533072 329.673490748457 -0.223651592440
1513049452.259341002 733.736539586290 338.116006769767 -0.371552337521
1513049454.251310110 733.904029816868 347.247459451112 -0.170352116025
1513049456.452874899 734.391487135891 357.114619655770 -0.116597282186
1513049458.864156961 735.253954515770 368.121837757915 -0.149098419260
1513049462.219002962 736.906792323711 383.246742144570 0.403508024508
1513049463.791591883 737.624256820455 390.146638234155 0.547394143533
1513049465.573847055 738.309528701257 397.676576190263 0.393015462659
1513049467.251266003 738.867584612474 403.749452040738 0.324985816260
1513049469.033534050 739.179125676993 408.995412520801 -0.027649789747
1513049470.710951090 739.356653506982 413.526941033701 -0.268702073319
1513049472.178723097 739.370068057486 418.145594621580 -0.320869107135
1513049473.856118917 738.255719327522 423.611980847491 -0.064637608497
1513049475.952892065 734.177657642072 428.765790746670 -0.237909163512
1513049478.364183903 727.095372922147 430.996880956195 -0.123713122427
1513049479.831933975 722.968733366908 430.855082166156 -0.147787093139
1513049481.928714037 716.784801205103 430.366922574724 0.030600519774
1513049484.025468111 713.385780666037 430.099701708803 -0.248041158490
1513049485.912580967 711.481750336011 430.059798359234 -0.427461205802
1513049487.799681902 707.989085344418 429.653058050222 -0.517731195877
1513049489.896461010 700.698233541910 429.692794259970 -0.473272441888
1513049491.469047070 693.201693766048 430.118459296809 -0.420222759205
1513049493.146441936 684.260644170476 430.093595011975 -0.551710173225
1513049495.452897072 672.746096487851 429.322458932360 -0.603119317264
1513049497.654525995 663.590012612972 428.579013046261 -0.680632539397
1513049499.436786890 656.708354112780 427.670271934165 -0.847209384551
1513049500.799684048 651.736085840810 426.995368899708 -0.849844549850
1513049502.267436028 646.213861101415 426.487507835566 -0.730107299150
1513049504.364222050 637.443678598879 426.571197921154 -0.850170000186
1513049505.832530975 630.740433678753 426.482121180015 -1.000200401140
1513049507.719079018 622.474699239343 426.415597695512 -0.933307620121
1513049510.025487900 613.219377924197 426.075222921685 -0.913329028887
1513049511.807769060 606.086914020741 425.731517569339 -0.856511014465
1513049513.275522947 600.268871367394 425.360769244448 -0.600909191585
1513049514.638436079 596.180344217818 424.729985340580 0.457011822388
1513049516.315851927 591.788807239259 422.715220239690 0.674640958244
1513049517.993263960 588.664449699954 419.302644352713 0.688882592531
1513049519.356163979 587.551253199136 414.898200330109 0.541500178598
1513049520.928736925 587.512844534104 408.158899324340 0.507491796870
1513049522.396492004 587.795795258756 401.034334432673 0.445950282395
1513049523.864252090 588.127698831646 393.403309195740 0.466144433818
1513049525.227164030 588.338454997816 386.167387303722 0.584704086409
1513049527.114218950 588.704541918144 376.057966993223 0.721271080288
1513049528.791707039 589.074016008298 367.357107279862 0.878404636761
1513049530.678812981 589.312953774158 357.837882757556 0.837379039818
1513049532.041654110 589.441020152245 351.450908699919 0.704969078828
1513049533.823916912 589.397987262611 343.497201286619 0.045676121568
1513049536.235233068 589.440279960165 336.776869528281 -0.174191116104
1513049538.646543026 589.605503068913 334.356902621422 -0.199240170397
1513049540.743279934 589.788053774379 331.287078013579 -0.178670257437
1513049542.525542021 590.447606598126 326.970375807315 -0.121606450477
1513049544.622317076 592.612155343605 323.204550550511 -0.096606657615
1513049546.404580116 595.535769498117 321.663051507224 -0.092240583896
1513049548.815866947 600.779018900216 320.725401941838 -0.097499296633
1513049550.807863951 606.382704039158 320.090186347733 -0.131456207271
1513049552.904607058 613.180484125359 319.536039217578 -0.167498866588
1513049555.211036921 621.190357185488 319.500850735062 -0.145423536609
1513049557.517489910 629.103917685331 319.741452787355 -0.143086851541
1513049560.348134041 637.231069753852 318.906940365620 -0.193259445536
1513049562.444895029 643.000546018793 317.853500952402 -0.194499592294
1513049564.751362085 650.170363594636 316.737194959508 -0.265895413346
1513049567.267512083 658.603533409709 316.227120522717 -0.301938100666
1513049569.888461113 667.591370377887 315.762281363959 -0.376171295003
1513049571.461091042 673.311361441927 315.182067193358 -0.424206770211
1513049573.662673950 681.386835605440 314.364105648463 -0.489997389324
1513049575.969127893 689.367371112173 313.569268971809 -0.504005606910
1513049578.380435944 697.200797776522 312.990465115963 -0.310882375559
1513049581.211093903 706.108307498013 311.836615572294 0.141796814328
1513049583.936872005 713.373802983822 311.130852726609 0.406317299500
1513049586.453003883 721.351582560294 310.192280800139 0.358502518450
1513049588.444935083 728.162781820131 309.400009017366 0.666496451421
1513049589.912681103 733.070471998853 308.760437701762 0.574304707254
1513049592.009490013 739.327257746039 307.565172508042 0.327477347375
1513049594.420756102 744.948167149573 306.598688970298 0.410972437130
1513049595.993326902 748.009150771756 306.078581836413 0.613043716389
1513049598.509464979 753.915023770769 305.451101405777 0.046767230201
1513049599.977200031 758.579123689498 304.946676138153 0.055483742441
1513049601.444955111 764.076270659904 304.440420150847 0.408990992486
1513049603.961229086 774.945510044944 303.307797978622 0.632674539952
1513049606.372417927 785.027650746094 302.424492410116 0.019184704192
1513049608.050446033 790.083433131200 301.812043898111 -0.246431693569
1513049610.461102962 798.790402626181 300.788577968563 -0.303207519488
1513049611.719201088 803.993609916000 300.373837039999 -0.263938375305
1513049613.606254101 811.688833549442 299.865532357860 -0.212198497720
1513049615.388575077 817.836377740405 299.337230051208 -0.230679576743
1513049616.856256008 823.210318899536 299.031210857225 -0.228061263013
1513049619.582072020 834.103083364130 298.093119266386 -0.226846132502
1513049621.154658079 840.834236673219 297.451755637766 -0.213058225558
1513049623.461144924 851.466819867927 296.341036678963 -0.283271297255
1513049625.557881117 861.535554735625 295.171356354531 -0.431931285899
1513049627.235296011 869.667755727204 294.084115374883 -0.537921694653
1513049629.122440100 878.452042827412 292.900285201810 -0.516862811341
1513049630.904644966 886.619345873092 291.598636953937 -0.477732095065
1513049633.211110115 897.132017033759 289.983314342712 -0.392667724119
1513049635.517570019 907.558508660160 287.920642553259 -0.277511953299
1513049636.775613070 913.415793489900 286.310719680176 -0.245237965345
1513049638.872406006 923.468159355414 282.874984496202 -0.202535284883
1513049640.130490065 929.473513295540 280.310026668114 -0.169983203650
1513049642.436925888 940.102036885858 274.846260571348 -0.155961052721
1513049644.533699989 949.001416619476 269.547525774310 -0.102659561071
1513049646.211122036 955.481217939002 265.406951623285 -0.105622395994
1513049647.888703108 961.241393277052 261.195548403881 -0.053094687678
1513049649.251461029 965.196388032092 258.277165968362 -0.040904023092
1513049651.138549089 969.502262506339 255.273694562330 -0.041989882051
1513049652.396615028 972.008051984565 253.313012425979 -0.033222693721
1513049653.549848080 974.162262200771 251.660627228620 -0.040113014683
1513049654.912744045 976.769260296864 249.988424834367 -0.061976159669
1513049656.590169907 980.321430716717 249.032246062683 -0.084886820857
1513049658.477267981 983.912187521382 249.356936550368 -0.125186394446
1513049660.783713102 987.848443570951 250.940105910799 -0.126738818819
1513049662.041815042 989.038012975354 251.912599464134 -0.140753525778
1513049663.928883076 990.410103190352 253.580515501827 -0.180176717354
1513049665.082108021 991.521101426655 255.405173744238 -0.185300865261
1513049667.074045897 993.977625065138 260.673284761877 -0.222426072301
1513049668.436950922 995.138485667989 265.618902175150 -0.228725659003
1513049669.695003033 995.787030675669 270.729299020335 -0.223760423583
1513049672.001468897 996.680742169167 280.137742949749 -0.125127948309
1513049673.678889036 997.549946269757 287.362864563602 -0.297006644216
1513049675.356293917 998.388734020698 294.332786347664 -0.309914766294
1513049677.033730030 999.113479791095 301.511700055927 -0.294045817822
1513049678.291831017 999.387021368702 307.016056418193 -0.295151099655
1513049679.864362955 999.588841084570 313.984210299097 -0.352548894460
1513049681.646646023 999.963100028302 321.879193430375 -0.371564897747
1513049683.428894997 1000.526057218622 329.611183820300 -0.378518324203
1513049685.525670052 1001.265445400645 338.975851948153 -0.408738355967
1513049687.098305941 1001.834375494831 345.965610219831 -0.439321206291
1513049689.404732943 1002.626425335192 356.043140120822 -0.506250040977
1513049690.767756939 1003.061093335730 361.956278617764 -0.529717146247
1513049692.445041895 1003.578903117479 368.854902303869 -0.524694762041
1513049694.122457981 1004.460992881760 375.208038403335 -0.503429109973
1513049696.114394903 1005.572304386938 381.744365841130 -0.557147749004
1513049697.896656990 1007.078126023795 387.774891896026 -0.571330410146
1513049699.259565115 1008.219491160009 392.896830679522 -0.595800144761
1513049700.727505922 1009.215528456732 398.810947589853 -0.636077644672
1513049703.033767939 1010.371718806632 408.265455004305 -0.631185637218
1513049703.662789106 1010.760245761172 410.694728784242 -0.537710758490
1513049705.969252110 1011.853819530074 419.528969787065 -0.478886069232
1513049707.856337070 1012.482953426772 427.171641793789 -0.126487154071
1513049710.267626047 1013.454719809372 437.165655952857 0.037951827350
1513049711.420901060 1013.913337190017 442.030292600656 -0.182630933060
1513049712.678940058 1014.363873412278 447.433715179177 -0.183533622407
1513049714.356354952 1014.813598781231 454.552339020179 -0.412253407778
1513049715.928930044 1015.038563279023 460.425484281714 -0.668584771112
1513049717.186995983 1015.230728543529 464.516048039265 -1.006321477951
1513049718.340246916 1015.473632220142 467.761431075028 -1.026981899129
1513049720.017647982 1015.828789510827 471.823539132551 -0.996156198165
1513049721.590265036 1015.754249756763 475.829672440248 -0.819175810783
1513049722.953146935 1015.343838404685 479.606685791951 -0.425977956922
1513049724.211208105 1015.015294589367 483.613688650579 -0.064606829519
1513049725.574100018 1015.177806836760 488.373008982095 0.077249265262
1513049727.566045046 1016.385994201490 495.553985698868 -0.394149183910
1513049728.509633064 1016.979798095999 499.000153292780 -0.302109247176
1513049730.187004089 1017.531573943968 505.042259819212 -0.189947901843
1513049731.654757023 1017.995894621348 510.619649767787 0.024467288952
1513049733.541874886 1019.087323703395 518.465977835157 0.163034530232
1513049734.590265989 1019.671440274207 522.923394613791 0.131975179321
1513049736.058028936 1020.513100084429 528.946528826814 0.243447051785
1513049738.049915075 1021.620127543558 537.105254345718 0.167538880096
1513049740.251543045 1022.281389809948 546.660234083932 0.451636237576
1513049741.614459991 1022.375882693599 552.726053836185 0.721086040818
1513049743.187035084 1022.309672918950 559.603305904618 0.971421729293
1513049744.654752016 1022.119597846819 565.794473327536 1.204347667856
1513049745.598319054 1021.954726470136 570.083613906974 1.174690381266
1513049746.856372118 1021.653931683915 575.699042407775 0.846891280704
1513049748.009613037 1021.544408777840 580.805585579036 0.646467886679
