23069
23138
22783
22507
22315
22104
22740
22854
22887
22994
23048
23032
22945
22699
22540
22084
22325
22779
22770
22647
22815
22838
22985
22500
22662
22413
22403
23025
23203
23125
23448
23390
23524
23300
23378
23195
22980
23511
23581
23571
23889
23896
23765
23634
23456
23462
22931
23604
23335
23310
23484
23436
23491
23447
23051
23122
22564
23302
23086
23166
23309
23263
23186
23069
23014
23106
22390
23096
22915
22947
23046
23095
22985
22907
22634
22958
22059
22796
22720
22645
22942
23003
22968
22947
22736
22771
22081
22796
22620
22906
23050
23058
22992
22983
23065
22963
22561
22956
22927
22952
23189
23302
23116
22998
22997
22860
22759
22323
22654
22361
22696
22704
22589
22260
22205
21825
21966
21073
21744
21614
21900
21861
21740
21610
21295
21380
20659
20615
21020
21238
21312
21440
21299
21171
20822
21024
20470
20605
20894
21069
21281
21319
21253
21233
21126
20624
21313
20705
20942
21541
21565
21761
21972
21969
21709
21979
22057
21608
22473
22423
22597
22745
22597
22602
22509
22318
22694
22382
22837
22791
23064
23082
22968
22687
22694
23062
23151
23230
23269
23226
23040
22944
22586
23108
23084
23432
23412
23384
22850
23192
22889
23197
23168
23274
23369
23357
23050
23134
22398
23092
23313
23671
23495
23606
23252
22986
23206
23575
23733
23817
23811
23977
23690
23789
23920
24206
23987
23981
23620
23450
23676
23984
24071
23974
24054
23709
23719
23676
24024
24208
24100
23956
23410
24158
24281
24565
24498
24262
24269
24165
24825
24863
24824
24743
24527
24021
24961
25024
25031
25282
24967
25105
25363
25128
25293
25623
25492
25183
25668
25719
25466
25591
25642
25407
25314
25346
25128
25238
25139
25019
24926
24513
24426
24201
24436
24394
24305
23866
23708
23062
23433
23193
23340
23075
22991
22400
22386
22498
21583
21729
21219
21651
21658
21225
21179
20579
20058
20248
20167
20090
20663
20755
20767
20763
20855
20752
20714
20852
21214
22231
22837
23102
23445
23557
23463
23505
24364
24132
24510
24558
24783
25080
24313
24835
25350
25339
25230
25266
24840
24855
25266
25510
25637
25570
25443
24757
25343
25649
25723
25672
25533
25513
24755
25447
25767
25727
25547
25662
25453
25296
25793
25917
25934
25657
25490
24880
25639
25612
25338
25185
25354
25152
25439
25694
25615
25715
25435
25374
25752
25790
25889
25982
26057
25887
25145
25809
25908
25727
26062
25768
25616
26323
26378
26342
26400
26380
26031
26085
26087
26116
26079
26071
25757
24968
25593
25515
25355
25215
25217
24983
24784
25086
24732
24810
24923
24780
24776
24893
24853
24555
23927
24286
24347
24149
24046
23752
23944
23786
22843
23633
23450
23458
23379
23290
22914
22665
22110
22357
22013
22040
22163
22157
22107
22038
21614
21193
21096
20754
20957
20573
21125
21272
21146
21113
21112
20682
20360
20145
20058
20185
20274
20662
20674
20657
20592
20498
20033
19660
19459
19655
19670
20190
20512
20378
20427
20435
20088
19706
19459
19327
19681
19966
20439
20495
20440
20558
20608
20061
19666
19567
19786
20252
21249
21371
21432
21678
21798
21797
21901
21210
21354
21773
22479
22710
22804
22821
22897
22708
22950
23004
22219
22614
23332
23647
23633
23656
23707
23734
23487
23686
23128
23122
23731
24190
24205
24165
23748
24085
23770
23084
23945
24157
24277
24332
24296
24391
24074
24330
24316
23437
24004
24638
24677
24607
24782
24730
24491
24806
24331
24277
25179
25527
25630
25659
25726
25553
25811
24849
25644
25868
25985
25897
25868
25483
24988
25402
25753
25876
25749
25784
25293
25484
24710
25491
25564
25612
25689
25778
25814
24962
25974
26018
25972
26133
26049
25746
26188
26176
26096
26196
25922
25287
25934
25992
26009
26120
26207
25978
25364
26191
26399
26431
26408
26316
25367
26300
26410
26391
26403
26341
26100
26032
26208
26332
26436
26312
25489
26560
26534
26488
26669
26546
26595
26381
26716
26825
26889
26912
26922
26548
26622
27089
27111
27132
27136
27064
26367
27020
27079
27170
27173
27095
27103
27077
27079
27175
27046
27126
27207
26593
26984
27202
27082
27173
27157
27082
26252
26958
27022
26975
26906
26736
25715
26520
26668
26692
26762
26621
26062
26271
26656
26577
26435
26442
26524
26172
25742
25522
25503
25166
24997
24525
23886
24404
25127
25125
25242
25295
25205
24696
24764
25794
25834
26024
26123
26116
26198
25363
26153
26343
26327
26399
26414
26347
26397
25285
26379
26591
26502
26736
26826
26818
26066
26906
26987
26948
26913
26932
26880
26528
26826
26859
26770
26920
26938
